5.21596	-0.226788
8.07894	-0.38951
8.67133	-0.360489
8.18338	-0.423753
7.87519	-0.50825
7.93486	-0.396848
7.51094	-0.401215
7.94281	-0.471342
8.12603	-0.345476
7.60079	-0.447538
6.94139	-0.357595
7.23084	-0.374184
13.9293	-1.00626
30.0075	-1.57592
26.9645	-1.66795
30.1333	-1.64255
52.3544	-1.48129
67.332	-1.03821
65.0618	-1.07535
69.3169	-1.18323
78.592	-1.09335
119.076	-0.929712
243.862	-0.902669
398.878	-0.931747
538.023	-0.952279
658.983	-0.877605
696.807	-0.81314
700.022	-0.753726
751.573	-0.76856
768.872	-0.835832
654.897	-0.973163
511.261	-1.42924
509.191	-1.43686
512.135	-1.34197
543.775	-1.28684
596.157	-1.1266
589.067	-1.12892
510.935	-1.22251
357.207	-1.50382
268.846	-1.49074
213.343	-1.47316
154.819	-1.66895
88.2303	-1.63475
88.9642	-0.893412
101.221	-0.260441
133.301	0.154258
142.895	0.336759
189.534	0.290808
148.038	0.370297
119.086	0.271717
119.75	0.190699
108.782	0.0430663
110.781	0.182757
109.253	0.40206
115.253	0.560993
189.988	0.0793798
141.288	0.0178396
87.1707	-0.478583
1144.97	-0.522443
1566.97	-0.385897
1495.17	-0.33763
1433.11	-0.357682
1285.64	-0.367488
1212.58	-0.465434
964.354	-0.649141
527.565	-0.778492
163.397	-0.694914
72.2727	-0.71483
57.172	-0.559565
43.7983	-0.507908
36.8015	-0.296988
33.6777	-0.435134
28.4925	-0.551706
25.2212	-0.487712
22.463	-0.235035
19.2565	-0.305471
18.6535	-0.37247
16.5807	-0.209217
12.8894	-0.417385
12.7805	-0.388713
10.7216	-0.302175
9.25315	-0.318968
11.2873	-0.272547
10.9653	-0.477939
9.39708	-0.297611
9.76748	-0.364494
8.29557	-0.302086
9.20138	-0.152703
74.5964	0.446631
270	0.226309
382.815	-0.0544946
342.86	-0.516673
874.003	-0.442141
813.369	-0.696874
818.347	-0.768328
837.143	-0.846952
866.883	-0.908037
977.864	-0.815303
861.551	-0.748584
407.945	-0.927434
134.567	-0.622555
51.3769	-0.943233
44.7164	-0.899292
35.3285	-0.772673
31.9539	-0.923278
23.3386	-1.11273
21.9118	-0.982003
18.0115	-0.92404
16.1914	-0.988249
23.8908	-0.870221
27.7135	-1.29537
14.7746	-0.923171
13.3586	-0.764386
12.5714	-0.759634
21.1003	-1.01367
69.9433	-1.60134
421.094	-1.21798
528.916	-1.23763
587.693	-1.22123
643.05	-1.22193
685.692	-1.22008
1077.05	-1.08787
967.015	-0.994628
669.145	-0.956795
518.146	-1.03258
353.6	-1.41859
266.033	-1.80097
268.565	-1.75877
202.779	-1.89617
173.915	-1.9858
191.189	-2.02126
216.404	-2.00261
148.512	-2.08657
107.827	-2.03985
81.5396	-2.10255
74.9362	-1.89348
85.3969	-0.779453
86.9672	-0.187819
77.9388	0.11307
90.1482	0.173605
109.205	0.145195
113.144	-0.00880604
118.456	-0.186411
143.433	-0.792071
229.696	-1.05462
529.547	-0.974304
925.127	-0.852173
508.922	-1.2256
419.655	-1.2778
390.873	-1.57795
264.626	-1.55264
167.152	-1.55026
215.956	-1.48597
206.924	-1.59931
136.521	-1.57837
150.914	-1.56043
195.589	-1.58507
154.024	-1.54975
120.951	-1.48608
191.642	-1.42415
167.226	-1.56528
123.013	-0.993509
105.704	-1.25801
55.4384	-1.45477
30.5115	-1.63817
30.0088	-1.62544
34.3342	-1.68139
48.0049	-1.26935
81.3573	-1.37331
127.664	-1.20716
187.155	-1.10236
311.969	-1.00094
289.383	-1.35675
286.237	-1.23123
228.898	-1.17936
283.86	-1.28982
296.402	-1.1874
165.39	-1.19082
185.333	-1.16
147.446	-1.5724
83.1535	-1.43339
84.1716	-1.41378
104.152	-1.51537
68.1803	-1.56453
66.5288	-1.56602
83.0094	-1.79947
73.8962	-1.70259
77.8153	-1.6817
103.507	-2.08492
49.1647	-1.62245
56.026	-1.6074
43.6376	-1.28018
35.8887	-1.27851
33.4967	-1.38073
31.2979	-1.61679
26.841	-1.14995
26.8537	-1.24296
33.171	-1.49937
24.2233	-1.27008
21.9993	-1.51221
24.5163	-1.47381
21.2254	-0.972897
19.3525	-0.953323
20.6749	-1.02559
17.1574	-1.20844
4.54378	-0.393108
6.35776	-0.644536
7.00971	-0.325636
6.10107	-0.370616
6.20668	-0.358342
5.83854	-0.436922
6.13735	-0.517822
6.62654	-0.502997
6.36243	-0.258014
6.74363	-0.407253
8.61343	-0.458292
8.95046	-0.973745
65.7104	-1.65487
101.71	-1.72822
140.87	-1.71537
145.624	-1.67856
184.327	-1.65896
243.692	-1.54067
266.642	-1.53214
292.913	-1.40326
287.217	-1.4445
298.775	-1.47033
327.286	-1.41486
350.419	-1.3943
377.626	-1.35158
380.439	-1.39996
390.871	-1.40569
450.042	-1.40449
640.852	-1.40416
832.704	-1.28441
896.191	-1.18712
867.662	-1.2699
902.523	-1.22792
858.746	-1.23724
919.033	-1.20157
941.833	-1.17664
906.021	-1.17575
888.574	-1.20358
898.138	-1.15903
909.44	-1.21676
806.832	-1.33471
509.106	-1.86048
469.954	-1.72063
413.352	-1.77676
243.104	-1.99974
371.953	-1.74471
327.105	-1.94875
355.622	-1.85898
353.86	-1.77025
295.638	-1.78491
294.293	-1.80004
253.631	-1.9369
236.597	-1.95813
220.748	-2.07902
214.458	-2.00082
209.211	-1.94727
184.684	-1.88066
114.132	-1.93936
67.6732	-1.87115
50.0132	-1.75694
61.8397	-1.13608
74.9931	-0.813445
76.3769	-0.231835
115.547	0.44608
96.2667	0.710773
88.492	0.679191
94.2961	0.636993
100.375	0.828912
113.455	1.00878
143.291	0.984826
115.057	0.467481
95.4625	0.0188136
51.8732	-0.462886
64.9237	-1.41053
193.487	-1.43421
175.63	-1.48587
117.531	-1.52279
85.9504	-1.59481
102.24	-1.03019
104.457	-0.412316
109.682	-0.110726
130.503	-0.013656
106.691	-0.0912816
120.715	-0.0493762
114.789	-0.18627
148.64	-0.109467
113.923	-0.135809
94.2863	-0.346494
43.4745	-0.542266
140.005	-1.25678
782.378	-1.10174
550.83	-1.40238
502.494	-1.42907
495.781	-1.32663
420.664	-1.41739
415.837	-1.3918
449.399	-1.33062
320.868	-1.54204
78.7597	-1.94632
40.7172	-1.63188
45.9692	-1.71252
82.3408	-0.667476
39.2859	-0.915401
22.9443	-1.32801
17.4324	-1.39727
16.3359	-1.26199
16.0107	-1.14026
16.4858	-1.12312
11.7386	-1.16054
12.1937	-0.802931
10.5759	-0.73115
9.83577	-1.02852
11.0213	-1.01648
66.7168	-1.05687
52.4823	-0.809901
69.7748	-1.09071
42.8132	-0.978328
160.745	-1.48193
474.159	-1.57713
476.36	-1.99903
332.707	-2.15395
121.985	-1.94697
50.3106	-1.93447
31.6394	-2.01813
26.7668	-1.79411
21.5583	-1.85993
17.9047	-1.66379
36.2542	-0.881676
52.9	-0.456067
30.0919	-1.06489
93.4938	-0.834354
120.011	-0.384102
104.028	-1.28969
17.9013	-1.28044
18.7827	-0.768582
37.5056	-1.00712
75.2493	-1.98171
63.4464	-2.27516
71.9776	-2.2776
73.2327	-2.39014
57.2772	-2.60981
54.1701	-2.35825
48.9394	-2.21257
45.0484	-2.14689
53.3208	-2.05887
74.4706	-2.03795
86.392	-1.80579
105.873	-1.69146
175.307	-1.56658
189.029	-1.57247
128.292	-1.65716
104.062	-1.65959
107.758	-1.76385
39.7933	-1.53133
15.2628	-1.52313
15.2457	-1.60621
13.6147	-1.3731
12.9434	-0.904807
81.3307	-0.0112376
86.1227	-0.0966088
70.0191	-0.294165
190.589	-1.23622
189.065	-1.4565
137.36	-1.37539
169.461	-1.35051
164.063	-1.77614
145.394	-1.59141
107.97	-1.6348
154.974	-1.59929
157.701	-1.6918
105.51	-1.69477
120.294	-1.70759
101.582	-1.50161
88.6676	-1.25209
104.914	-1.3925
132.179	-1.45942
85.3793	-1.25506
83.7717	-1.4139
127.147	-1.14774
90.7786	-0.986714
111.313	-0.96515
146.528	-0.863594
68.2297	-0.879029
96.3806	-0.913004
64.5762	-1.40941
32.8485	-1.44594
36.6263	-1.47277
31.6499	-1.42691
21.437	-1.45117
20.7432	-1.49212
21.7715	-1.49605
15.7901	-1.14547
14.8283	-1.17022
14.5566	-1.28738
13.8881	-1.27865
12.6448	-1.05265
13.6282	-1.00041
13.1694	-1.08819
11.518	-0.930174
11.7452	-1.04981
9.68422	-0.876629
11.5794	-0.660672
10.747	-0.614148
9.40273	-0.718665
10.0689	-0.760208
5.9113	-0.571352
6.20656	-0.249914
6.38682	-0.492053
5.95504	-0.294598
5.86943	-0.361674
5.93712	-0.389042
6.29278	-0.295049
6.21453	-0.332058
5.7279	-0.299843
5.46109	-0.284332
5.94014	-0.283441
6.49339	-0.154728
16.3082	-1.13657
91.0301	-1.76359
97.7933	-1.47956
139.507	-1.5213
212.082	-1.44101
327.704	-1.16067
515.086	-0.852198
553.391	-0.837069
536.227	-0.921447
538.756	-0.938292
492.892	-1.02319
549.807	-1.13458
802.942	-1.19685
939.289	-1.17506
943.595	-1.13377
861.704	-1.16687
812.817	-1.18811
663.643	-1.25605
594.694	-1.31151
502.657	-1.25938
343.074	-1.27147
177.353	-1.34053
113.871	-1.38567
75.902	-1.55595
70.1353	-1.65935
86.0333	-1.57147
107.091	-1.40776
246.477	-0.93294
670.251	-0.707536
947.192	-0.58347
1013.41	-0.404272
928.863	-0.395881
727.363	-0.679043
774.566	-0.685251
727.266	-0.857622
703.233	-0.939786
574.468	-1.16227
313.28	-1.56127
208.464	-1.83175
213.428	-1.84389
281.542	-1.57664
307.112	-1.52469
309.131	-1.5428
330.328	-1.49152
359.511	-1.42747
652.891	-1.10488
844.114	-1.04117
874.639	-1.08823
833.027	-1.17088
804.497	-1.18069
724.936	-1.29376
617.767	-1.48671
434.327	-1.66063
366.2	-1.45297
329.104	-1.45021
296.821	-1.5576
287.44	-1.42863
257.981	-1.49415
216.074	-1.51539
189.061	-1.56039
132.988	-1.70296
79.5688	-2.00695
59.1506	-1.85536
39.606	-1.83965
23.3355	-1.6196
19.6435	-1.56266
13.1288	-1.20571
12.171	-1.25508
12.709	-1.26802
11.0573	-1.16546
9.99877	-1.16004
9.56535	-0.817061
7.87574	-0.843748
8.32773	-0.859617
7.54179	-0.691741
6.8916	-0.615244
7.38813	-0.507932
6.88378	-0.520307
6.48496	-0.368269
13.3256	-0.244725
156.722	-0.214769
466.806	-0.933301
755.997	-0.921929
642.485	-0.991938
581.214	-1.07721
619.851	-1.04262
500.489	-1.16789
149.248	-1.32793
161.719	-1.14724
173.578	-1.32125
166.376	-1.73302
63.4671	-1.67859
35.2884	-1.52969
23.1917	-1.32916
18.7756	-1.0494
17.0948	-0.992311
17.1761	-1.09068
97.643	-0.503504
111.819	-0.543511
38.5326	-0.441299
65.1099	-0.664152
70.9482	-0.606393
475.039	-0.869111
519.554	-1.17639
427.601	-1.51408
227.802	-1.75467
147.683	-1.87642
203.57	-1.67284
218.688	-1.63761
215.42	-1.63338
181.487	-1.71675
181.82	-1.70837
233.467	-1.71427
418.169	-1.57736
469.691	-1.48141
390.812	-1.4725
376.65	-1.31552
350.65	-1.32115
345.565	-1.39506
410.64	-1.16311
396.833	-0.974773
321.846	-0.778676
224.099	-0.794265
178.775	-0.768834
177.065	-0.745256
202.941	-0.686983
241.224	-0.245743
290.641	-0.318527
377.016	-0.328428
412.503	-0.39723
459.884	-0.535642
521.642	-0.639587
635.884	-0.790117
537.792	-1.22356
313.236	-1.59322
146.928	-1.55756
73.2059	-1.63261
40.7895	-1.49965
36.387	-1.32997
26.9653	-1.42841
25.678	-1.43628
19.8868	-1.2891
21.1082	-1.12893
16.5641	-1.01496
14.6995	-1.00971
117.293	-0.320013
206.369	-1.17252
250.15	-1.56125
161.679	-2.23015
68.7205	-2.19817
166.909	-2.21257
251.594	-1.97455
258.331	-1.61505
171.631	-1.92627
202.223	-1.57361
188.299	-1.43001
137.336	-1.62423
113.9	-1.50863
93.9246	-1.5202
85.2226	-1.47466
72.2666	-1.33078
58.0927	-1.41257
41.5351	-1.60674
33.5926	-1.733
17.5629	-1.76355
12.3695	-1.71096
10.5029	-1.53727
10.6177	-1.3905
10.3675	-1.46499
9.30311	-1.28418
10.084	-1.16142
9.63338	-1.08572
8.21661	-0.962677
72.2885	-0.2573
151.458	-0.602616
27.9484	-0.93872
32.02	-1.64791
39.3757	-1.55594
42.6846	-1.34911
38.2885	-1.63984
35.9143	-1.84425
37.6858	-1.54866
27.045	-1.5515
30.4788	-1.5691
31.8537	-1.42827
22.1934	-1.65087
20.7928	-1.7207
25.4839	-1.90216
18.9403	-1.66893
22.7526	-1.65812
26.9466	-2.14806
46.2676	-2.05694
49.5606	-2.22534
65.539	-1.81863
57.4503	-1.22013
71.203	-0.79141
75.4045	-0.781349
64.0938	-0.750212
101.643	-0.690331
95.6417	-0.746966
65.2174	-0.495639
139.302	-0.0736991
128.332	0.117162
90.2576	0.181488
126.607	0.146487
56.3507	-0.172133
59.2545	-0.198282
50.6912	-0.283705
22.8218	-0.311271
17.5888	-0.254426
12.387	-0.235693
8.72568	-0.243419
8.61205	-0.417002
8.12103	-0.344769
7.24935	-0.268109
7.8992	-0.421579
7.15015	-0.491731
11.2122	-0.585119
5.162	-0.401687
7.63492	-0.396559
6.74816	-0.266549
7.74049	-0.446904
7.77768	-0.466738
7.76746	-0.463595
8.13464	-0.546682
7.432	-0.341622
9.87246	-0.7271
70.6334	-1.86284
158.384	-1.45223
200.179	-1.52749
188.054	-1.91862
189.8	-1.92907
198.358	-1.86665
213.662	-1.77823
237.86	-1.66706
303.033	-1.29716
333.833	-1.16871
331.44	-1.16124
295.426	-1.2399
276.22	-1.16134
250.241	-1.26369
201.002	-1.37572
164.532	-1.3599
85.3357	-1.50348
50.1809	-1.74948
31.3331	-1.55
19.3125	-1.19681
14.5927	-1.26617
12.1481	-1.06775
12.9293	-1.03186
10.3718	-1.02176
26.2949	-0.902586
21.8478	-0.944379
53.314	-1.04505
14.9772	-0.92345
25.6295	-1.22691
49.6347	-1.62679
28.444	-1.58393
30.9187	-1.24581
90.08	-1.06016
74.606	-1.23539
113.376	-1.46592
180.562	-1.46989
230.365	-1.30768
247.76	-1.31255
252.916	-1.36779
247.253	-1.39349
223.61	-1.61876
228.755	-1.56825
231.208	-1.52596
190.822	-1.59793
149.237	-1.67778
122.669	-1.68864
114.019	-1.72526
102.44	-1.84109
106.373	-1.73438
87.5733	-1.54536
94.0963	-1.82403
313.062	-1.13005
538.788	-1.0564
608.622	-1.0367
563.971	-1.15572
275.702	-1.66649
367.246	-1.59204
593.05	-1.38697
714.767	-1.35299
725.673	-1.36337
780.819	-1.21607
798.788	-1.21146
787.317	-1.14251
788.214	-1.10545
744.569	-1.18306
720.261	-1.13816
656.502	-1.29248
591.365	-1.37577
552.342	-1.38238
370.598	-1.56309
200.485	-1.31363
115.602	-0.398519
108.625	-0.0760759
98.2779	0.284275
103.46	0.201751
117.868	0.232176
91.0917	0.0431403
79.4592	-0.35996
87.4342	-1.33884
58.6595	-1.38612
20.6294	-0.622213
15.2228	-0.69471
15.8948	-0.552126
14.6922	-0.479873
12.1108	-0.386218
11.958	-0.639727
10.2545	-0.516491
10.2537	-0.732457
8.89411	-0.480466
8.69442	-0.386663
8.38901	-0.509434
7.44892	-0.483353
7.53481	-0.428185
8.28788	-0.402807
7.68344	-0.464381
50.0495	-1.208
531.578	-1.24874
439.477	-1.39542
515.052	-1.55789
600.196	-1.97641
844.029	-1.53952
848.567	-1.40285
673.082	-1.45078
561.99	-1.35825
432.286	-1.4062
304.3	-1.77945
269.992	-1.88112
186.704	-1.96782
163.914	-2.05187
146.352	-2.23657
138.565	-2.31406
120.17	-2.28469
91.9381	-2.352
95.9917	-2.18631
117.783	-1.95534
173.783	-1.70811
143.355	-2.02485
135.272	-2.0378
134.732	-2.00537
163.953	-1.96344
226.566	-1.65388
242.444	-1.52352
257.785	-1.55538
257.408	-1.61077
298.61	-1.33994
327.41	-1.32161
352.899	-1.24777
336.66	-1.10054
237.033	-1.39717
156.697	-1.46653
69.5588	-1.55268
49.8981	-1.54501
131.405	-1.02822
325.748	-0.212729
322.875	0.0662306
167.03	0.427854
145.853	0.847522
129.515	0.85926
146.841	0.744706
154.113	0.701537
153.95	0.851961
162.092	0.908962
141.898	0.780885
114.917	0.684353
79.9258	0.317752
51.8906	0.0242449
159.475	-0.195657
231.543	-0.0199643
341.364	-0.295407
391.454	-0.491767
270.719	-1.28311
254.432	-1.69044
219.587	-1.71926
196.377	-1.69734
200.136	-1.73876
194.985	-1.84527
147.756	-1.76272
77.3817	-1.7643
60.5504	-1.73184
39.9632	-1.4368
17.7778	-1.20409
13.7081	-1.35042
12.1795	-1.33353
14.2383	-0.916593
12.3554	-0.819964
11.6743	-0.706815
9.11939	-0.933339
13.5787	-0.676598
174.528	-1.07931
390.871	-1.00984
407.978	-0.974028
306.218	-1.16168
379.75	-0.943221
338.089	-1.26469
405.185	-0.980437
331.908	-0.889657
250.39	-1.01921
245.038	-1.49117
292.351	-1.19346
120.524	-1.15046
186.332	-0.253482
279.066	0.57468
264.962	0.890966
259.205	1.12858
251.919	0.966482
165.868	0.848772
188.772	1.06619
199.657	1.33787
201.903	1.42194
161.844	1.18979
122.112	1.03097
92.1569	0.765637
91.7928	-0.312214
125.865	-0.465864
222.291	-0.336089
219.982	-0.644925
150.626	-0.76082
225.511	-1.04816
195.793	-1.03204
146.769	-0.894757
218.941	-0.895807
88.3609	-1.24578
63.3182	-1.28829
70.6527	-1.19371
59.8587	-1.13361
52.1997	-0.960177
50.248	-1.24012
36.1694	-1.17697
49.3392	-1.183
30.1984	-1.09787
23.7874	-1.2619
20.2991	-1.36322
20.2535	-1.19266
14.9212	-1.07891
13.4203	-0.899131
11.8646	-0.976432
12.0889	-0.824182
11.5472	-0.732875
9.50051	-0.538905
9.93892	-0.74373
9.39858	-0.526326
5.06409	-0.361125
8.28535	-0.499421
7.55763	-0.453824
8.23795	-0.494148
7.82683	-0.45319
7.30629	-0.481487
7.51215	-0.30942
8.73881	-0.216366
10.4422	-0.316696
8.01705	-0.271897
7.52092	-0.453508
7.84808	-0.621211
141.784	-1.60646
463.529	-1.37693
413.776	-1.35903
376.295	-1.38384
347.437	-1.40999
331.796	-1.50669
373.821	-1.5274
280.354	-1.79316
225.937	-1.77866
237.968	-1.74289
228.78	-1.85637
282.505	-1.96316
158.197	-2.15225
136.172	-2.15635
159.393	-2.18979
168.652	-2.19845
142.083	-2.01735
188.348	-1.77659
151.773	-1.89816
128.208	-2.20017
134.158	-2.29905
144.98	-2.30473
147.259	-2.04324
120.895	-2.2672
135.605	-2.12084
335.094	-1.71004
435.821	-1.88648
499.414	-1.81828
579.083	-1.66097
584.104	-1.72603
687.784	-1.49768
795.15	-1.36904
875.844	-1.26895
833.238	-1.32182
696.189	-1.56876
645.461	-1.66534
564.371	-1.84241
428.982	-2.10013
311.789	-2.08238
327.551	-1.99936
278.26	-2.17456
354.496	-1.91888
385.371	-1.73785
399.996	-1.63494
286.483	-1.75889
238.021	-1.96756
218.694	-1.86453
185.781	-1.86448
163.642	-1.80217
93.4605	-2.04908
67.3766	-2.02933
47.0005	-1.97888
33.5816	-1.89872
28.8719	-1.81708
24.9498	-1.66129
22.7356	-1.63261
26.1124	-1.35579
21.1632	-1.28397
15.003	-1.30875
13.6839	-1.24711
11.4413	-1.07433
11.0275	-1.05962
9.68486	-1.03791
9.47034	-0.864181
9.20862	-0.741386
9.25833	-0.777069
9.1808	-0.577372
8.98451	-0.605499
8.10219	-0.575055
7.64849	-0.556271
8.099	-0.468179
7.47165	-0.5699
7.56903	-0.636811
8.01345	-0.533566
7.92135	-0.374854
7.47514	-0.404784
7.65108	-0.314842
7.89779	-0.462698
7.62238	-0.363682
7.44059	-0.268182
7.32932	-0.386403
8.04608	-0.599989
8.1583	-0.318941
7.53073	-0.259937
37.3465	-0.748844
164.564	-0.839533
162.909	-0.673467
184.006	-0.799938
558.855	-0.745205
430.298	-1.14753
437.123	-1.27281
387.02	-1.36181
388.262	-1.45291
361.515	-1.50142
305.738	-1.51088
152.039	-1.67151
138.238	-1.9466
203.804	-2.15042
335.708	-1.78545
278.017	-2.08876
321.379	-1.86757
311.669	-1.80152
319.397	-1.84193
499.194	-1.74642
493.216	-1.66071
437.537	-1.64157
386.532	-1.69855
333.529	-1.73025
334.295	-1.60653
304.825	-1.5592
242.726	-1.72985
238.089	-1.59651
196.116	-1.60198
200.096	-1.4885
230.933	-1.40149
291.89	-1.34433
335.012	-1.3508
338.851	-1.40397
272.541	-1.47043
296.153	-1.47742
376.507	-1.41578
278.161	-1.51116
188.414	-1.64228
239.419	-1.61093
368.02	-1.28211
294.456	-1.22547
363.094	-1.17889
388.738	-1.08196
237.298	-1.07565
195.609	-1.2196
147.623	-1.51998
62.4694	-1.87149
74.6577	-1.90489
73.8578	-1.61075
43.7796	-1.56695
37.4512	-1.54785
35.4102	-1.33354
33.4741	-1.0836
25.2563	-0.947504
19.5232	-1.01298
16.9761	-0.849097
21.9463	-0.716793
27.3993	-0.570215
25.3258	-0.567355
53.6834	-0.555667
147.138	-0.426205
52.3312	0.453122
55.2363	0.590391
64.4011	0.510761
46.3009	0.700591
59.8547	0.623799
60.2382	0.747816
62.8705	0.721603
52.5276	0.812016
41.126	0.640023
36.8097	0.618827
34.5804	0.502949
23.1013	0.362737
20.2923	0.138048
14.2031	-0.108076
11.3043	-0.427964
9.87025	-0.357195
8.20986	-0.494401
10.7372	-0.122742
10.3978	-0.327995
8.73731	-0.436321
8.6517	-0.530645
8.71785	-0.430963
5.05547	-0.848917
6.8301	-0.434051
6.85168	-0.441327
7.44481	-0.715964
7.65714	-0.777261
9.29945	-0.361083
8.49302	-0.424222
7.64784	-0.36836
7.11825	-0.441183
14.7558	0.0244409
17.0665	0.287988
25.5094	0.775159
38.2159	0.734977
49.5493	0.745296
77.8172	0.818337
81.939	0.802032
74.8506	0.503672
59.2889	0.886857
75.107	0.436346
96.8788	0.312158
137.607	0.534894
160.865	0.324745
94.4707	-0.13047
123.542	-1.53747
536.351	-1.90691
587.557	-1.68267
621.987	-1.35469
727.692	-1.49465
473.707	-1.73561
626.171	-1.55344
595.106	-1.48142
448.832	-1.54038
401.097	-1.54264
346.929	-1.52551
304.658	-1.64893
238.235	-1.78025
281.709	-1.50233
234.114	-1.45103
222.982	-1.45149
206.241	-1.34087
185.711	-1.30413
173.237	-1.45753
167.086	-1.48406
166.183	-1.77235
158.829	-1.7238
113.043	-1.87241
65.022	-1.82329
26.8649	-1.83077
19.4239	-1.68621
16.6118	-1.46508
11.5388	-1.32094
10.7406	-1.33281
10.692	-1.31139
10.9388	-1.30967
51.6705	-0.917557
175.573	-0.879948
76.8857	-1.17061
187.171	-1.56498
144.987	-1.31424
171.997	-1.05032
222.109	-0.821296
243.206	-1.30231
326.083	-1.12311
270.663	-1.2515
356.79	-1.01979
348.224	-1.07102
354.893	-1.15479
398.752	-1.13726
433.913	-1.19984
474.741	-1.05832
486.814	-1.2668
584.336	-1.10274
559.006	-1.15135
451.397	-1.63632
338.812	-1.8393
194.427	-1.36294
85.369	-1.54305
158.928	-1.30051
257.909	-1.41879
174.479	-1.74139
93.8393	-1.02128
27.8193	-1.26152
20.1069	-1.1181
26.3595	-0.999539
33.0774	-0.887656
22.4786	-0.677437
57.6634	-1.1069
148.239	-0.966024
109.344	-0.309366
40.1384	-0.914815
20.7741	-1.29517
9.81358	-0.846178
10.0865	-0.708805
10.2016	-0.657602
9.30423	-0.549535
9.04123	-0.50875
9.2196	-0.631812
8.05837	-0.608479
7.42597	-0.574856
7.47877	-0.62742
7.62334	-0.614881
47.6501	-0.335065
62.7296	-0.784891
9.6267	-0.957286
14.1607	-0.224972
46.4539	-0.0993754
59.1598	-0.352152
60.9963	-0.132338
73.2438	0.146538
64.518	0.0478971
61.3065	0.173346
57.6779	-0.200571
62.7971	-0.116972
85.4159	-0.0636994
137.878	-0.166372
185.092	-0.517647
259.024	-0.600825
356.604	-0.653745
451.25	-0.667125
590.643	-0.710412
647.094	-1.12091
903.834	-1.18788
1162.06	-1.25483
1086.25	-1.27142
690.605	-1.40456
160.738	-1.44179
83.7228	-1.03977
78.2398	-0.635375
96.9288	-0.46805
96.8285	-0.261721
88.6087	-0.440758
118.633	-0.308503
118.029	-0.577006
80.5884	-0.611533
62.3612	-0.652704
207.792	-1.19646
563.111	-1.20453
649.61	-1.12239
551.715	-1.08865
326.021	-1.29218
128.526	-1.34533
47.7181	-1.24624
30.9579	-1.35124
26.5492	-1.50169
22.5586	-1.52913
25.8605	-0.70502
145.541	-0.178801
130.056	-0.0802514
52.6676	-0.471515
81.7833	-1.14517
143.156	-1.23262
121.252	-1.40647
70.7284	-1.95809
66.0707	-2.00757
62.2091	-1.82174
83.7885	-1.68797
126.337	-1.56845
147.602	-1.4722
138.468	-1.42153
105.673	-1.56207
104.21	-1.60836
104.888	-1.46435
55.33	-1.68611
41.0521	-1.65991
28.8625	-1.68254
17.9918	-1.44211
12.1582	-1.17844
13.349	-1.00106
12.3726	-0.913553
31.9347	-0.659186
212.149	-0.724613
142.055	-1.14422
158.828	-1.35374
146.194	-1.12688
138.821	-0.853156
121.825	-0.826727
132.617	-0.379257
227.698	-0.378797
154.326	-0.499279
125.698	-0.478502
119.411	-0.396848
135.235	-0.284518
133.235	-0.215734
126.866	-0.0733097
131.814	0.0536676
126.948	0.144118
132.104	0.118028
143.572	-0.235755
243.927	-0.616932
281.046	-0.377358
215.845	-0.611515
166.932	-0.932306
111.733	-0.907184
22.0839	-0.664643
20.3618	-0.595534
17.6006	-0.637397
13.1919	-0.437987
12.9444	-0.475753
11.984	-0.737441
11.4279	-0.945948
10.2537	-0.768569
11.9841	-0.703394
9.26882	-0.73722
8.85783	-0.55057
16.6121	-0.692767
59.7589	-1.25042
68.9462	-1.66104
94.3996	-1.49094
95.4045	-1.60663
81.0028	-1.70843
108.675	-1.63462
140.281	-1.60356
102.836	-1.9367
98.6307	-1.43833
110.963	-1.35542
131.403	-1.26032
147.537	-1.13775
145.185	-1.06836
222.234	-1.1717
187.744	-1.11519
201.618	-1.10522
226.507	-1.07786
223.993	-1.07326
234.486	-0.979447
240.305	-0.845924
230.229	-0.796386
166.584	-0.869765
131.531	-1.12903
98.6361	-1.26602
149.688	-1.2088
142.199	-1.09245
70.3744	-0.806069
36.0872	-0.896066
15.6419	-1.09123
15.4328	-1.30149
223.443	-0.34543
214.034	-0.540144
149.117	-0.259925
107.756	-1.16965
334.131	-1.23974
367.182	-1.2678
337.404	-1.44561
288.322	-1.79002
267.819	-1.69566
197.744	-0.712084
106.103	-0.60977
89.1305	-0.130548
90.1431	0.31211
105.122	0.293524
73.0275	-0.499245
39.5419	-1.17693
38.4074	-1.60113
30.9165	-1.62137
29.6126	-1.64901
40.7013	-1.55877
44.5515	-1.35768
62.4146	-1.48561
63.1715	-1.27606
64.9851	-1.19959
82.6382	-1.10399
105.728	-1.01226
69.4278	-0.708659
19.4234	-1.02924
11.9231	-1.12281
8.82987	-1.09463
11.0146	-1.08991
15.5986	-0.584982
118.189	0.337086
93.5716	0.803725
150.113	0.428484
121.454	0.816983
105.426	0.417894
71.0448	-0.160061
151.533	-1.32955
242.546	-1.27867
247.933	-1.43769
200.213	-1.57282
262.042	-1.51028
209.504	-1.62198
137.648	-1.90056
122.349	-1.93177
71.0307	-1.61983
32.8294	-1.51775
15.5434	-1.34195
17.4006	-1.14833
15.4635	-0.939401
10.5106	-1.03946
18.7161	-1.04144
128.503	-0.767378
41.5435	-0.661101
26.7577	-0.789424
16.9618	-0.888281
21.2341	-1.01544
76.7823	-1.51919
206.806	-1.38913
82.0763	-1.42496
150.94	-2.22
90.2674	-2.1796
95.5555	-2.32098
89.8388	-2.38994
93.0861	-1.67122
104.379	-2.11556
71.9074	-1.9499
44.0747	-1.89874
53.5452	-1.69825
21.3759	-1.55526
19.9773	-1.24382
34.0928	-0.603853
48.4994	0.350287
46.5746	0.568077
39.7962	0.852203
40.1097	0.870981
39.6896	0.969744
44.3549	1.0131
47.2825	1.20221
46.5023	1.07047
39.2205	1.0639
39.5066	1.02112
41.485	1.03029
39.4303	0.799413
36.9305	0.785176
33.4156	0.517672
38.8647	0.517977
31.756	-0.0633741
19.5516	-0.176301
14.8723	-0.452985
11.568	-0.675946
10.2684	-0.515674
9.15656	-0.507051
8.32526	-0.341456
6.36285	-0.73309
9.05492	-0.403557
8.40571	-0.579071
10.1332	-0.488045
9.89969	-0.547547
9.80619	-0.674727
8.54786	-0.63506
8.69726	-0.442007
9.29982	-0.492293
8.89463	-0.417633
19.945	-1.24152
24.7522	-1.34025
15.6462	-1.14398
18.9751	-1.31016
17.4942	-1.27553
17.116	-1.35856
18.3385	-1.31878
35.7948	-1.56721
33.0788	-1.74979
33.1665	-1.57336
41.5576	-1.81214
51.8045	-1.70329
76.5756	-1.58691
124.134	-1.41874
189.797	-1.24431
263.243	-1.30985
443.689	-1.27463
468.475	-1.51301
578.848	-1.62434
742.338	-1.28988
785.052	-1.22184
814.351	-1.22838
840.54	-1.27765
858.106	-1.36683
861.615	-1.34872
830.489	-1.5284
650.17	-1.50273
464.382	-1.70676
307.222	-1.92393
217.35	-2.02115
211.435	-2.12516
233.174	-2.03002
214.307	-1.9844
191.539	-2.0923
190.458	-2.1193
150.368	-2.3501
149.685	-2.18032
133.365	-2.23068
180.557	-1.81809
249.115	-1.47846
360.121	-1.33366
475.522	-1.17594
499.964	-1.18527
526.992	-1.17078
623.769	-1.14438
526.134	-1.4959
585.667	-1.45478
613.22	-1.5195
563.38	-1.7731
501.18	-2.08566
493.6	-2.16106
536.892	-2.08754
561.872	-2.11977
603.385	-2.06917
592.735	-2.12473
578.794	-2.04717
492.232	-2.07342
578.034	-1.73997
489.349	-1.58725
424.361	-1.61859
404.746	-1.51139
284.455	-1.53637
195.943	-1.83172
237.898	-1.47995
201.452	-1.20272
175.674	-0.483727
335.55	-0.188036
265.41	-0.279329
284.878	-0.412119
180.403	0.223753
156.362	0.278952
177.735	0.326367
159.2	0.584649
149.511	0.671329
154.59	0.752737
168.497	0.68168
158.003	0.534194
169.184	0.208286
132.072	0.285835
101.747	-0.0403388
175.605	-0.793166
547.481	-1.26913
719.154	-1.1303
549.593	-1.0407
537.469	-1.22746
423.652	-1.16322
378.765	-1.37571
249.827	-1.41746
194.912	-1.58655
163.909	-1.8222
144.332	-1.77214
164.663	-1.65323
163.45	-1.67366
157.228	-1.97506
113.454	-1.02642
158.511	-0.258553
193.459	0.292042
224.796	0.478051
236.923	0.734425
214.945	0.966582
221.148	1.0136
215.742	1.09546
233.548	1.04844
256.145	1.23012
252.097	1.18576
191.216	1.01694
128.065	0.189257
100.845	-0.409596
140.297	-0.63598
668.328	-1.34827
473.617	-1.32638
401.636	-1.35278
430.011	-1.34061
397.693	-1.30596
285.67	-1.26292
153.1	-1.32917
115.427	-1.45677
109.837	-1.37068
110.106	-1.47359
93.6198	-1.36571
101.346	-1.31732
142.365	-1.28853
183.462	-1.31121
195.276	-1.58399
194.459	-1.50136
235.086	-1.4611
230.093	-1.87563
305.094	-1.53747
246.254	-1.67715
172.022	-1.757
175.237	-1.65076
194.256	-1.8318
218.874	-1.68115
163.347	-1.87687
120.968	-1.94587
103.154	-1.9936
118.349	-1.94472
101.757	-1.89594
87.2492	-1.84252
33.7114	-1.78048
20.3118	-1.57824
18.0897	-1.18746
14.6914	-1.2597
12.7199	-1.22661
11.9775	-1.13245
10.5445	-1.07105
10.2482	-0.992539
9.94365	-0.945906
10.8329	-0.820104
10.745	-0.839296
10.615	-0.79971
137.549	-0.951953
393.532	-0.277
139.552	-0.351761
124.81	-1.54702
250.152	-1.40308
179.059	-1.60089
146.146	-1.87512
146.88	-2.17408
98.5121	-2.02456
26.0022	-1.66893
41.7469	-1.23135
147.961	-1.46651
215.059	-1.2855
111.352	-1.67103
33.0891	-2.0706
95.4795	-1.41348
115.133	-1.691
196.385	-1.711
228.13	-1.93783
240.524	-1.96248
216.78	-1.99669
147.696	-1.91384
193.941	-1.86291
575.071	-1.4045
339.157	-1.84669
277.547	-1.80491
348.962	-1.79011
402.932	-1.61872
382.013	-1.66397
235.129	-1.73934
207.181	-1.83024
113.549	-1.87973
36.4504	-1.60329
25.2495	-1.6058
22.6362	-1.33705
19.4822	-1.36571
22.0697	-0.838453
53.0629	0.102259
145.562	0.212208
140.83	0.243542
176.771	0.178083
170.736	-0.0153011
56.2493	-0.27857
18.9379	-0.398744
16.3355	-0.472529
14.8136	-0.474979
15.1672	-0.697406
21.2221	-0.819974
27.3956	-1.09305
32.4309	-0.827666
44.1626	-1.26062
55.2475	-1.9008
244.449	-1.90488
276.514	-1.86461
251.441	-1.66144
213.196	-1.68986
158.732	-1.76983
133.971	-1.84446
139.753	-1.87107
106.761	-1.90297
47.345	-1.84556
51.3229	-1.61875
103.612	-0.682438
388.493	-0.226537
218.206	0.334518
149.448	0.886538
167.881	1.03104
118.365	0.415131
85.196	-0.264904
125.676	-1.16108
279.328	-1.26894
215.586	-1.2678
187.12	-1.38315
162.563	-1.48243
45.9257	-1.4472
28.62	-1.18999
17.4108	-0.697759
16.5499	-0.823314
14.6863	-0.664074
15.8201	-0.776758
18.3295	-0.941672
41.9543	-1.18575
41.0971	-1.18437
50.2685	-1.03156
75.111	-1.32394
58.6297	-1.35839
64.559	-1.31086
17.0414	-1.32301
12.7209	-1.04859
10.2912	-1.04289
10.0887	-0.851093
10.0769	-0.713389
163.896	0.00898516
406.099	-0.0603594
157.445	0.0736257
85.1912	0.493435
78.3813	0.383678
73.8105	0.0607271
112.983	-0.42171
266.566	-0.423669
288.46	-0.293587
219.421	-0.311972
204.01	-0.528313
219.355	-0.672649
6.94442	-0.441791
7.82615	-0.499367
8.76825	-0.345585
8.447	-0.431135
7.89378	-0.335777
8.33994	-0.374781
7.92883	-0.454415
10.4265	-0.287715
8.9753	-0.219404
18.9525	0.628747
25.5157	1.05775
9.63156	-0.419214
9.37898	-0.239582
9.75276	-0.353152
7.35736	-0.386066
7.67093	-0.379789
8.85655	-0.453101
7.8359	-0.438537
7.61303	-0.420907
8.13127	-0.357374
8.6792	-0.38809
8.68798	-0.194106
8.82588	-0.156405
8.78183	-0.384324
8.48114	-0.459976
7.94429	-0.2302
7.93917	-0.333164
8.68666	-0.295761
7.82336	-0.655124
7.70891	-0.340452
8.51057	-0.379778
7.67413	-0.454835
8.46668	-0.524885
7.8759	-0.323524
85.4068	-0.950226
711.602	-1.19527
543.062	-1.09454
679.766	-1.14963
707.854	-1.39697
723.011	-1.15203
555.366	-1.36788
474.292	-1.35337
333.543	-1.48617
233.342	-1.53953
198.153	-1.77783
194.314	-1.92553
218.287	-1.63478
189.59	-1.61635
192.07	-1.62136
240.8	-1.58203
244.614	-1.71476
269.326	-1.85152
510.363	-1.61299
564.249	-1.38671
787.321	-1.20483
886.501	-1.13773
1062.05	-0.875983
1104.18	-0.760712
1040.85	-0.821411
912.703	-1.02371
761.451	-1.05319
520.488	-0.999946
470.147	-1.02949
379.053	-0.862548
311.754	-0.0486802
266.156	0.209168
249.534	0.613202
182.793	0.506042
152.924	0.282732
119.5	-0.140234
104.869	-0.499503
93.3234	-0.840866
80.8319	-1.02159
80.3144	-1.18844
89.5747	-1.33099
112.644	-1.4234
167.739	-1.33789
254.438	-1.262
383.308	-1.22959
481.998	-1.36455
557.536	-1.46394
576.097	-1.6253
549.155	-1.76183
492.297	-1.83311
322.839	-2.02904
319.985	-1.7919
207.409	-1.93145
182.247	-1.85827
185.937	-1.72364
166.899	-1.80746
156.139	-1.77183
131.378	-1.50169
118.347	-1.27043
92.4402	-1.26152
79.0148	-1.17213
73.6541	-1.23116
59.8831	-1.35656
55.897	-0.845993
157.915	-0.456821
145.901	-0.386123
138.501	-0.327113
147.767	-0.426099
281.143	-0.645238
489.411	-1.06639
635.581	-0.769848
635.616	-0.990777
582.962	-1.09286
573.949	-1.19617
577.95	-1.45068
582.094	-1.854
912.876	-1.52974
681.469	-1.59161
348.423	-1.40294
263.842	-0.373519
199.995	0.376598
182.391	0.450504
226.394	0.46296
214.56	0.589136
172.592	0.561871
96.0021	-0.259395
35.1279	-0.459979
64.9544	-0.902139
38.014	-0.501142
39.117	-1.11557
139.391	-1.85414
187.968	-1.94314
285.942	-2.01394
267.614	-2.19562
275.7	-1.91408
235.303	-1.80809
316.954	-1.86778
365.459	-1.79129
277.934	-2.24383
271.598	-2.18081
166.913	-2.15681
151.889	-1.98701
159.596	-2.00261
145.94	-1.94742
126.959	-1.82861
146.421	-1.73916
138.743	-1.99249
150.123	-1.89029
127.149	-1.77756
86.4973	-1.89015
93.3619	-1.84428
63.7706	-1.75627
24.0703	-1.57272
21.5799	-1.39471
16.1214	-1.10089
11.9424	-1.23559
11.6448	-1.03846
11.4156	-0.999399
12.2831	-0.806567
142.473	-0.589641
184.418	-0.613768
185.29	-0.840357
295.689	-1.49699
497.784	-1.42439
544.772	-1.47603
369.208	-1.71256
352.656	-1.59936
443.932	-1.58383
289.476	-1.99198
155.921	-1.72089
75.9638	-1.96797
37.8511	-1.98449
31.1874	-1.88902
27.5538	-1.85478
22.0998	-1.7829
20.8828	-1.54855
17.0401	-1.47339
16.4431	-1.73158
15.5474	-1.35899
15.0713	-1.50587
15.5511	-1.11106
16.583	-1.47847
14.3096	-1.50568
12.5595	-1.45915
12.2557	-0.90222
100.348	-0.379413
293.134	-0.25333
185.304	-0.688747
222.187	-1.15493
113.176	-1.35353
75.8512	-1.64122
63.5244	-1.66544
52.2177	-1.50546
66.566	-1.47184
94.8423	-1.07907
118.391	-1.06041
188.218	-1.20004
228.649	-1.02358
173.293	-1.34062
258.651	-1.37576
270.109	-1.72227
289.563	-1.47226
248.389	-1.45889
269.968	-1.48273
420.417	-1.38847
645.699	-0.837751
567.022	-0.84926
469.901	-0.826753
490.797	-0.782152
536.182	-0.86247
471.581	-0.988041
221.03	-1.43255
61.3961	-1.28747
35.3553	-1.23739
29.1733	-0.949329
27.4276	-0.79207
20.487	-0.855578
21.3205	-0.881569
20.9065	-0.798881
16.3123	-0.755258
14.7116	-0.835385
98.106	0.04781
146.067	0.333613
57.1291	0.0915016
59.9629	0.139069
58.8621	0.129953
67.7749	0.373797
61.2038	0.456687
65.6324	0.518864
68.252	0.560659
81.4016	0.306933
100.036	-0.0276033
103.486	-0.113327
107.606	-0.21209
96.1441	-0.148482
75.8543	-0.281936
82.3041	-0.63148
87.246	-1.23118
113.019	-1.50424
100.396	-1.32822
112.434	-1.48317
94.616	-1.47561
89.1873	-1.52576
102.539	-1.75553
109.306	-2.3286
54.3043	-2.16688
60.1868	-1.92373
74.1738	-2.25912
92.5493	-2.43099
81.9729	-2.21083
70.3695	-1.94274
68.5752	-1.75953
143.491	-1.77203
179.411	-1.95465
158.153	-2.14337
147.102	-2.06031
197.193	-1.90947
257.092	-1.91581
304.162	-1.73434
300.66	-1.73108
266.579	-1.68991
489.389	-1.55835
370.473	-1.80373
397.421	-1.93892
434.116	-2.0591
471.488	-1.93299
529.225	-1.73313
460.675	-1.74732
423.695	-1.73587
458.583	-1.62127
349.988	-1.82364
98.742	-2.05708
46.7608	-1.78857
37.454	-1.85734
28.4914	-1.72572
26.0398	-1.52332
19.7315	-1.47194
18.788	-1.2422
17.2231	-1.29654
13.4575	-1.32381
14.9491	-1.1454
19.7932	-1.60762
19.3045	-1.45804
13.2714	-1.13611
10.8863	-0.813473
10.9949	-0.907848
11.1589	-0.757512
10.0769	-0.683244
84.5147	-0.422339
207.173	-1.382
381.911	-1.93034
525.973	-1.49477
477.911	-1.56001
401.464	-1.68335
357.104	-1.73019
238.412	-1.94471
62.8456	-1.84073
152.228	-1.14199
170.278	-1.28368
229.763	-1.86549
139.905	-1.95445
252.571	-2.13252
32.7069	-1.81173
26.1446	-1.69073
24.3817	-1.67173
18.7604	-1.45734
16.382	-1.27904
14.2771	-1.09734
15.1946	-1.16991
17.1744	-1.25028
19.8017	-1.60726
15.3558	-1.45784
13.8926	-1.36236
13.1411	-1.49554
13.5771	-1.26909
14.0758	-1.33986
12.6814	-1.41442
11.9525	-1.33052
12.4213	-1.14495
12.1408	-1.16713
74.4159	-0.676113
646.358	0.0910129
563.981	0.285276
389.164	0.161125
373.701	0.225363
306.406	0.168416
175.368	-0.51058
140.976	-0.0333597
43.3866	-0.249936
28.8881	-0.224079
25.7923	-0.263012
19.9793	-0.428659
21.4731	-0.385082
17.4008	-0.18907
14.9654	-0.401418
14.3296	-0.606858
14.187	-0.460615
11.5694	-0.421258
13.3232	-0.374984
11.7315	-0.437699
26.6997	-1.02013
36.6371	-1.06699
58.6571	-1.67881
201.402	-1.85827
273.742	-1.73846
187.776	-2.00189
209.828	-2.00578
177.521	-2.13455
207.574	-2.12045
277.832	-1.99514
439.645	-1.6351
376.249	-1.93846
438.825	-1.81938
363.565	-1.9329
333.512	-1.9951
353.017	-2.00623
438.689	-1.87361
534.371	-1.60339
478.628	-1.66754
339.946	-1.83367
336.681	-1.68219
324.072	-1.66456
333.674	-1.62614
319.203	-1.62403
296.795	-1.68726
303.356	-1.67046
287.036	-1.74347
383.851	-1.7126
422.985	-1.63532
426.634	-1.66574
414.262	-1.81894
430.016	-1.85072
417.641	-2.06551
442.129	-2.20578
646.733	-1.74027
572.8	-1.39053
215.627	-1.48743
296.263	-1.79969
47.8064	-1.78014
29.1056	-1.44083
23.4164	-1.56186
24.9023	-1.61088
22.5817	-1.42771
18.8867	-1.48774
17.4522	-1.20209
16.1304	-1.08827
13.3303	-1.20862
13.4758	-1.21342
26.9786	-0.323325
158.576	0.0063499
131.54	0.288796
173.431	0.121656
187.763	0.199811
152.414	0.146976
131.945	0.0930438
158.801	0.296842
157.43	0.561414
138.377	0.44992
147.152	0.332854
160.323	0.598673
161.999	0.405319
164.614	0.220929
157.027	-0.152795
156.839	-0.424219
122.268	-0.985048
132.56	-1.04711
197.065	-0.847734
201.154	-0.994652
212.652	-0.878667
168.185	-0.901151
192.117	-1.10524
228.458	-1.22373
255.631	-1.35695
234.274	-1.3598
321.22	-1.46941
305.926	-1.60536
249.687	-1.60522
233.047	-1.43677
239.701	-2.06423
191.103	-2.01699
156.242	-2.05493
124.087	-2.19468
126.246	-1.77682
148.67	-1.80995
209.704	-1.62898
89.3702	-1.85644
129.506	-2.0127
71.2527	-2.14103
55.6135	-2.18142
76.6306	-2.00276
51.0672	-1.93798
62.2028	-1.97397
61.0969	-1.92529
41.4124	-1.70314
49.3946	-2.05443
44.4536	-2.03537
36.339	-1.64766
32.1834	-1.63574
49.3077	-1.9725
29.1925	-1.39945
23.6235	-1.33241
18.9965	-1.15571
19.773	-1.23746
20.2515	-1.21292
14.857	-1.09348
20.3549	-1.12155
6.49465	-0.47182
8.41364	-0.362896
8.48437	-0.497375
7.79663	-0.293097
8.53377	-0.376064
8.68277	-0.440756
8.54166	-0.539782
8.83552	-0.517477
9.28776	-0.59303
9.59096	-0.615309
120.108	-0.0604208
380.142	-0.437238
237.005	-0.963323
860.408	-0.939956
973.768	-1.02391
879.755	-1.1883
827.084	-1.06076
945.946	-1.02198
719.608	-1.2626
540.252	-1.7817
526.278	-1.53435
192.703	-1.96065
127.366	-1.81555
118.997	-1.73744
134.366	-1.82231
156.073	-1.71592
238.775	-1.59887
366.492	-1.44116
528.421	-1.3243
563.013	-1.33116
650.342	-1.15911
565.585	-1.25696
516.741	-1.27885
397.008	-1.30768
216.022	-1.56086
167.24	-1.6555
159.527	-1.56449
160.763	-1.548
167.588	-1.51258
221.198	-1.55092
295.402	-1.31609
246.107	-1.37085
220.829	-1.53938
237.192	-1.74702
273.538	-1.96301
285.199	-1.61074
248.668	-1.85359
161.255	-1.89033
121.765	-1.98939
86.1716	-1.75313
70.1044	-0.857651
104.74	-0.31424
127.426	0.188875
130.021	0.145348
116.633	0.379167
121.02	0.432361
110.418	0.597172
113.078	0.660512
115.745	0.784829
110.548	0.656941
109.309	0.340562
104.479	0.572539
105.32	0.628646
130.349	0.414569
101.58	0.462203
80.8983	-0.0411266
47.7807	-1.0201
142.631	-1.43998
159.186	-1.50427
154.68	-1.49774
104.642	-1.77049
101.602	-1.35756
103.083	-0.563739
116.301	-0.269784
123.379	0.0237022
107.736	0.152587
140.311	0.355862
147.047	0.0355551
115.435	-0.0293159
128.975	0.0976101
84.1694	0.0304872
66.9605	-0.043525
116.691	-0.562947
171.727	-0.35214
221.134	-0.0686738
150.458	-0.0481394
104.717	0.125459
148.473	0.487022
152.214	0.883021
164.235	1.13141
170.972	1.34785
180.426	1.42355
157.192	1.39203
144.375	1.21271
168.916	1.34857
172.895	1.30632
171.056	1.35696
174.406	1.35091
141.337	0.934752
172.393	-0.105203
263.413	-0.273073
304.052	-0.0811884
350.28	0.179797
364.352	0.113345
413.039	0.16925
384.064	0.0209018
370.859	0.00244285
319.269	-0.200916
327.109	-0.346656
377.331	-0.424586
324.032	-0.797498
349.441	-0.813547
293.74	-0.96054
220.689	-1.12568
131.9	-1.29893
76.8817	-1.64201
76.2623	-1.66688
69.429	-1.93029
85.9164	-1.78547
86.6342	-1.99638
88.4253	-2.14335
104.424	-2.06269
99.2979	-1.966
57.9575	-1.94227
35.4086	-1.82701
28.7249	-1.30903
162.102	-0.584939
239.067	-0.178744
138.949	0.666149
105.163	0.657977
102.187	0.810006
92.9969	0.965476
79.8502	0.960298
101.482	1.03245
80.2916	0.984834
71.9125	0.557112
62.6833	0.484519
45.9491	0.0292
45.5413	-0.944928
36.0839	-0.792303
21.309	-0.657641
17.7813	-0.49026
12.9443	-0.186099
11.5909	-0.242022
11.3279	-0.169119
11.1906	-0.333768
10.4883	-0.445557
10.1228	-0.215649
10.854	-0.224765
9.91908	-0.328282
9.52723	-0.215385
11.1132	-0.243299
11.125	-0.259171
10.3515	-0.2737
56.2311	-1.0499
151.053	-1.0133
211.562	-1.69258
376.237	-1.1918
338.113	-1.13425
339.954	-1.24591
329.445	-1.47813
429.459	-1.14696
407.095	-1.19012
186.766	-1.01809
154.303	-0.941844
166.021	-1.40656
252.657	-1.36253
167.553	-1.54227
63.6067	-1.52771
27.3085	-1.48042
20.5698	-1.27354
17.6256	-0.993094
16.0501	-0.903584
13.9378	-1.00221
78.0546	-0.421219
200.729	-0.31626
46.1985	-0.158786
55.0289	0.0876463
53.6712	0.111833
64.5656	-0.0197871
243.647	-0.816218
585.047	-0.728396
492.671	-0.847771
469.224	-0.872837
503.543	-1.03763
517.254	-0.86885
305.202	-1.2158
111.46	-1.22058
72.1286	-1.41364
34.1164	-1.21379
27.1592	-1.23975
22.3969	-1.05017
19.0055	-1.01067
16.4341	-0.793136
133.23	-0.526197
76.5668	-0.493794
46.8255	-0.137897
48.3071	-0.26443
162.653	-0.57578
560.077	-0.638379
928.116	-0.688934
915.223	-0.514904
839.336	-0.832749
617.54	-0.877972
386.552	-1.32386
200.33	-1.42471
130.404	-1.18421
76.0424	-0.847823
49.5972	-0.612551
45.5671	-0.288323
36.999	-0.288272
45.263	-0.180825
26.6893	-0.532479
18.9439	-0.592202
14.2187	-0.541579
15.1156	-0.777956
13.9465	-0.520826
12.0629	-0.618236
10.862	-0.895698
14.4574	-0.643564
20.9403	0.011556
160.417	-0.240854
273.467	-0.621793
278.561	-0.848664
384.564	-0.908334
362.615	-1.17956
323.111	-1.10643
319.775	-1.0309
280.959	-1.05569
355.059	-1.02075
285.783	-0.947028
148.273	0.199645
148.069	0.536689
127.241	0.525618
140.282	0.545612
120.492	0.385107
118.852	0.526877
108.019	0.741607
120.997	1.00654
105.24	1.17076
113.903	1.18898
95.5097	0.801412
92.9769	0.302341
218.668	-0.205101
252.574	-0.203397
216.665	0.0947741
235.864	0.102703
243.777	0.150809
266.443	0.152044
332.525	-0.0673629
366.357	-0.104393
370.593	0.179202
251.772	-0.338574
149.703	-0.377158
67.3747	-0.787981
28.034	-0.50732
19.5162	-0.49106
22.2566	-0.314883
16.7927	-0.407371
17.964	-0.401616
19.0631	-0.491286
39.8861	0.177537
97.6375	0.126642
87.7201	0.776748
123.049	0.680933
110.114	0.645569
98.9329	0.529668
99.8123	0.646009
108.087	-0.0599708
48.5713	-0.411791
35.052	-0.497708
39.1204	-1.07634
16.346	-0.824396
12.2126	-0.526854
11.9543	-0.501334
12.6297	-0.431455
18.2996	0.0697255
70.2887	0.114379
68.3993	0.856054
72.9898	0.940343
106.022	0.926276
98.8512	0.943778
97.5031	0.942759
110.179	0.959681
134.329	1.19332
142.827	1.14018
147.882	1.19125
163.157	0.95176
210.241	0.16415
246.898	0.0949563
233.305	-0.00796388
270.962	-0.0567278
326.047	0.130238
240.004	0.0589339
134.879	-0.0582249
85.2306	-0.0825364
76.7487	-0.0847261
84.7102	-0.224432
109.042	-0.211325
183.261	0.114855
195.277	0.0334668
231.444	0.0320963
255.414	-0.0948563
281.019	-0.215809
333.238	-0.331665
216.11	-0.916135
52.7993	-1.15136
23.9351	-1.03736
20.2872	-0.839858
18.1787	-0.697365
14.3627	-0.708521
15.9309	-1.15165
57.0428	-0.701042
121.349	-1.25468
95.9288	-1.36122
251.315	-1.05114
252.028	-1.07216
200.654	-1.05076
271.703	-1.11645
482.03	-1.10945
511.78	-0.939239
327.729	-1.00425
220.142	-0.993959
196.616	-1.01432
172.1	-1.21315
99.4157	-1.40472
73.1417	-1.35337
59.0787	-1.81107
70.892	-1.12561
116.901	-0.322199
118.663	0.145979
150.069	0.283609
193.316	0.714189
147.363	0.666652
195.137	1.1132
187.735	1.20691
250.713	1.23086
133.14	0.856006
122.168	0.636646
60.7428	0.0332329
163.988	-0.101785
283.071	-0.0287279
346.389	-0.108879
366.89	-0.140842
312.025	-0.259035
182.759	-0.464612
155.195	-0.667272
32.5893	-0.902586
23.366	-0.701623
20.0884	-0.366831
18.4911	-0.658472
16.633	-0.542131
15.2026	-0.429068
13.8081	-0.647249
23.5362	-0.498922
156.238	-0.5213
74.6414	-0.632141
42.1314	-1.50096
74.6277	-1.64846
96.3005	-1.23266
84.9495	-1.20191
100.253	-1.2751
177.871	-1.4421
162.343	-1.57019
94.7506	-1.18795
116.699	-1.30096
124.365	-1.20342
81.0596	-1.38635
89.554	-1.67928
79.7215	-1.32009
51.9331	-1.45685
50.9402	-1.61088
38.7941	-1.48213
33.7456	-1.32685
48.2173	-1.2537
29.9358	-1.63855
24.1026	-1.46556
20.6766	-1.42115
19.6078	-1.46171
17.899	-1.35324
15.1745	-1.28322
12.7966	-0.99065
10.4035	-0.787229
11.8501	-0.618277
9.77719	-0.400509
9.58979	-0.29906
13.1637	-0.387702
14.3966	-0.500465
13.3658	-0.57094
13.4144	-0.289492
13.1898	-0.654074
14.4765	-0.437865
14.1382	-0.428669
13.9441	-0.404985
14.4883	-0.383337
15.9556	-0.55024
14.3421	-0.646895
13.1982	-0.524757
25.7109	-1.48775
40.6497	-1.70617
23.2593	-1.38033
39.107	-0.859489
192.868	-1.03422
233.747	-1.27189
308.915	-1.25249
338.015	-1.15731
380.449	-1.16932
364.256	-1.31104
356.24	-1.53905
163.699	-2.01187
101.536	-1.8965
165.418	-1.92205
167.796	-1.61716
156.213	-1.63969
161.912	-1.62392
198.116	-1.62129
205.284	-1.51309
205.629	-1.79547
214.824	-1.89504
219.891	-1.84729
227.899	-1.85577
216.77	-1.85101
215.372	-1.89356
219.521	-1.75468
207.887	-1.75171
194.343	-1.89115
208.925	-1.79268
226.345	-1.71917
258.099	-1.63693
270.758	-1.49819
271.675	-1.64931
284.644	-1.84001
233.765	-2.1183
264.44	-1.72245
373.65	-1.16791
431.127	-0.525166
472.337	-0.21738
604.796	0.0772227
496.443	0.397489
542.639	0.539069
639.207	0.69354
570.854	0.527223
469.986	0.114947
522.232	-0.217538
394.564	-1.27429
627.108	-1.32631
857.098	-1.19202
759.143	-1.39284
661.469	-1.33896
720.043	-1.17585
797.551	-1.08051
896.665	-1.01733
719.827	-1.19487
578.37	-1.27527
448.325	-1.57582
320.888	-1.69643
253.186	-1.67461
261.452	-1.66392
270.349	-1.53162
148.3	-2.04602
97.3017	-2.03313
44.2558	-1.71901
47.5058	-1.58211
62.8324	-1.60931
73.1562	-1.48884
128.777	-1.18766
173.685	-0.894431
215.181	-0.705343
392.435	0.182539
407.711	0.583269
358.056	0.789775
402.982	1.07742
433.533	0.950635
461.306	0.692479
395.288	0.56176
310.861	0.482675
216.899	0.145799
177.773	-0.748243
518.49	-1.34967
685.239	-1.44268
576.067	-1.38277
519.683	-1.52233
568.109	-1.61272
550.013	-1.78758
356.165	-2.00542
304.555	-1.5747
280.341	-1.70665
248.242	-1.92692
171.668	-2.1795
142.363	-1.0983
102.44	-0.954813
135.66	0.131277
345.26	0.307375
527.51	0.301605
331.646	1.20428
379.147	1.02795
349.215	0.854256
243.304	0.476073
185.088	-0.180121
178.099	-0.543128
455.62	-1.18741
672.367	-1.3227
583.225	-1.32022
531.797	-1.32173
575.05	-1.34779
251.254	-1.46943
128.645	-0.850638
113.084	-0.766271
128.113	-0.208545
129.207	0.258964
132.721	0.27408
143.759	0.352541
154.929	0.476379
186.673	0.215364
222.744	0.170751
237.003	0.324726
176.062	-0.0840861
219.286	-0.420583
649.699	-0.367072
551.011	-0.277694
519.594	-0.192088
329.031	-0.449324
247.252	-0.647955
281.051	-1.10532
220.655	-1.87709
314.179	-2.18515
437.144	-1.89312
442.439	-1.77721
352.94	-1.84536
233.444	-1.98109
132.779	-2.11371
96.4571	-1.50224
320.034	-0.541429
594.255	-0.203382
234.374	0.593566
466.347	0.054659
328.322	0.0404723
422.687	-0.0696299
400.502	-0.0553023
239.516	-0.133711
123.193	-0.14424
86.7695	-1.1625
325.334	-1.69773
317.763	-1.91448
253.074	-2.09925
364.62	-1.92594
367.906	-1.57155
346.525	-1.25491
353.67	-1.14597
257.939	-1.15627
94.1973	-1.46957
58.4335	-1.64454
36.5844	-1.48176
35.3083	-1.21717
33.2802	-1.26937
64.1388	-1.46011
74.3382	-1.24279
85.1342	-1.27312
184.819	-1.3639
754.08	-1.31869
284.897	-1.34201
300.147	-1.43673
392.141	-1.57929
663.834	-1.44025
725.895	-1.39063
460.505	-1.58336
429.511	-1.61563
474.518	-1.4864
274.505	-1.52982
85.2274	-1.57014
48.4293	-1.61245
34.163	-1.32679
30.1295	-1.13182
26.4285	-1.16949
37.7235	-0.906082
197.357	-0.766152
115.511	0.0510984
215.365	-0.130544
118.405	-0.311561
263.754	-0.635549
403.394	-0.424585
381.087	-0.299712
581.688	-0.146421
630.334	-0.148234
403.886	-0.244266
492.818	-0.23384
457.778	-0.495682
407.883	-0.477418
290.715	-0.876162
239.839	-0.953633
117.276	-0.949245
111.236	-1.49494
93.1083	-1.22385
70.083	-1.58263
90.2531	-1.57571
55.0247	-1.27939
58.1731	-1.56825
56.9288	-1.82867
50.2455	-1.64107
56.0924	-1.28274
54.2969	-1.51706
99.7482	-0.811477
194.056	-0.127755
206.547	0.367943
208.359	0.658985
204.432	0.636807
160.376	0.58824
160.56	0.368271
186.018	0.530297
166.399	0.611491
143.468	0.713763
156.64	0.567683
135.909	0.632535
144.498	0.455237
118.856	0.203956
100.945	0.0618906
69.6879	-0.192438
41.3945	-0.680149
29.4882	-0.856871
24.7914	-0.936368
22.896	-0.671955
21.5065	-0.709539
19.0923	-0.612278
19.2622	-0.743474
18.9322	-0.715787
9.46587	-0.743956
11.4691	-0.5903
11.6091	-0.464959
12.6936	-0.463709
10.7625	-0.493479
10.9518	-0.555225
13.6535	-0.490546
11.939	-0.721859
12.4932	-0.533871
11.5667	-0.50613
11.0195	-0.739969
11.0166	-0.702575
10.3623	-0.628646
14.166	-0.0691679
117.075	1.10393
52.1599	0.718461
13.7094	-0.351608
12.474	-0.36459
11.4388	-0.497044
10.6475	-0.366856
10.738	-0.592995
12.2664	-0.48601
13.3954	-0.441218
20.6678	0.227869
15.9755	0.0709388
9.65336	-0.305491
10.1991	-0.663718
19.9296	-0.424737
62.2696	0.48395
91.4778	-0.122734
127.825	-0.590268
104.724	0.14982
129.862	0.455638
103.044	0.027921
128.225	0.120719
153.382	0.0768987
178.972	0.305752
249.114	0.287659
232.608	0.115279
312.649	0.0576458
361.155	-0.158589
446.918	-0.457768
501.992	-0.4157
443.202	-0.750283
636.312	-0.854048
697.714	-0.917379
597.617	-1.08359
412.168	-1.25703
434.134	-1.09978
154.11	-1.08104
56.7585	-1.2657
37.6602	-1.06215
30.4754	-0.839437
24.3399	-0.874575
22.5141	-0.922755
19.0685	-0.721476
17.9637	-0.630172
18.0827	-0.495739
110.913	0.179938
205.367	0.13715
82.3804	0.434913
74.9548	0.945539
93.8826	0.893058
97.8912	0.247181
153.32	-0.0922851
180.664	-0.0662725
186.321	0.197655
192.201	0.31443
198.462	0.350769
224.065	0.393564
191.035	0.265704
178.926	0.128765
182.953	0.35837
169.173	0.205841
170.654	0.192481
163.056	0.243968
179.02	0.308759
204.58	0.173555
193.713	-0.0648576
186.95	-0.303657
182.785	-0.296173
126.435	-0.431532
84.4434	-0.396075
118.353	-0.286486
93.1597	0.140798
58.1331	-0.347531
70.0751	-0.456194
89.9185	-0.136038
69.6611	-0.240692
82.4294	-0.168536
115.31	-0.162464
143.262	0.046016
167.194	-0.077265
234.336	-0.115463
188.474	-0.139605
318.182	-0.129572
395.509	-0.501111
457.888	-0.559822
712.146	-0.550453
826.682	-0.835889
857.462	-0.948956
777.856	-1.10592
724.818	-1.30761
602.887	-1.39944
583.773	-1.52493
517.37	-1.70399
604.841	-1.60443
558.796	-1.62285
517.077	-1.52048
364.937	-1.70606
313.229	-1.77713
348.319	-1.74515
322.874	-1.83046
308.196	-1.92955
376.318	-1.76879
207.794	-1.94729
123.212	-1.83079
81.6016	-1.33298
311.974	-0.357847
336.127	-0.541489
122.374	0.22265
91.6741	0.130718
60.3227	-0.307415
57.6177	-0.442683
84.9695	-0.433016
135.773	-1.09125
157.792	-1.35104
184.16	-1.13179
224.362	-0.896762
250.785	-0.647262
294.94	-0.560727
262.673	-0.521602
255.479	-0.511444
179.751	-0.624905
68.1142	-1.19302
37.2269	-1.24818
208.48	-0.928144
329.373	-0.812836
315.31	-1.09558
541.185	-1.16299
701.577	-1.17087
417.47	-1.54562
432.803	-1.61037
581.544	-1.51088
486.293	-1.81918
512.009	-1.62053
538.329	-1.66618
786.658	-1.58924
730.667	-1.62143
530.022	-1.76063
424.704	-1.81476
354.328	-1.71574
393.723	-1.80662
355.417	-1.86525
298.603	-1.83152
275.767	-1.83849
280.359	-1.74084
182.098	-1.92887
135.586	-1.92583
203.815	-1.13539
136.62	-1.05751
29.2836	-1.23796
29.1366	-1.43876
20.5808	-1.23526
17.1941	-0.959426
17.7033	-0.865211
20.6338	-0.947737
14.2172	-0.863491
15.2881	-0.967841
16.2188	-1.01251
164.129	0.15838
170.5	0.124635
68.8971	0.357236
74.9234	0.701348
91.9528	0.835799
88.2252	1.07403
79.2014	1.0361
82.0575	0.870518
91.4859	0.0499078
236.547	-0.486427
348.81	-0.343786
355.34	-0.338889
205.472	-0.560006
134.178	-1.77998
133.057	-1.85472
145.708	-2.04414
175.254	-2.04825
230.743	-1.82025
200.686	-1.94614
246.315	-1.86568
587.781	-1.1846
500.194	-1.28133
482.535	-1.55195
570.099	-1.3509
460.521	-1.39393
518.515	-1.187
484.427	-1.42373
410.586	-1.36755
284.381	-0.996783
200.272	-0.341701
119.312	-0.00952843
132.854	0.148418
143.272	0.0210109
195.645	0.571835
174.492	-0.07852
305.263	-0.893405
392.37	-1.30833
458.837	-1.58436
412.785	-1.6582
382.243	-1.7232
419.63	-1.49845
382.48	-1.44547
245.455	-1.79384
256.986	-1.70161
253.053	-1.58953
210.803	-1.76595
320.625	-1.53925
206.974	-1.6452
145.502	-1.71473
159.55	-1.56698
167.308	-1.2254
46.3858	-1.01257
58.2078	-0.910428
489.888	-0.476938
493.553	-1.11455
302.113	-1.58096
96.7125	-1.21793
39.2212	-1.56026
224.053	-1.61459
324.246	-1.50437
163.349	-2.16711
99.2852	-2.40532
132.937	-2.30376
140.789	-2.22689
127.806	-2.18311
90.4705	-2.25975
81.2203	-1.9747
69.9439	-1.99297
128.261	-1.72704
107.528	-1.64206
108.511	-1.67696
119.663	-1.71918
136.064	-1.69914
130.071	-1.80361
118.204	-1.88039
85.202	-1.92187
55.7117	-1.74148
30.6907	-1.441
30.6019	-1.25494
55.5222	-1.4774
59.8783	-1.05846
50.5466	-0.992441
30.132	-1.35395
44.5338	-1.11938
94.7936	-0.34902
74.0427	-1.07722
57.4295	-1.13506
98.3139	-1.41889
191.474	-1.43214
252.966	-1.49678
315.851	-1.66148
388.441	-1.33495
305.429	-1.65673
291.261	-1.71356
270.345	-1.33562
159.461	-1.82174
213.329	-1.57197
190.682	-1.6108
232.107	-1.85666
152.571	-1.75867
164.67	-1.75446
164.118	-1.75287
198.878	-1.66439
179.758	-1.85711
142.854	-2.02747
135.413	-2.17815
188.151	-1.99007
637.267	-1.50729
498.96	-1.76195
391.6	-1.78905
462.82	-1.77657
532.691	-1.89482
599.323	-1.58673
575.802	-1.85974
680.853	-1.73283
674.706	-1.30431
577.233	-1.13843
494.066	-1.06341
293.525	-1.11653
237.206	-1.0774
200.316	-0.783067
171.646	-0.812667
161.361	-0.358685
150.271	-0.194406
158.525	-0.398428
212.736	-0.401671
205.487	-0.244102
197.708	-0.324286
299.326	-0.40706
272.478	-0.471077
169.361	-0.574896
147.824	-0.635936
85.0192	-0.921235
87.1504	-1.93822
173.25	-1.91913
209.511	-1.73546
229.788	-1.65417
230.714	-1.61091
163.386	-1.76444
209.828	-1.65652
205.969	-1.617
234.092	-1.61569
230.068	-1.81034
220.949	-1.81642
162.654	-2.03979
273.966	-1.68147
371.702	-1.53461
236.115	-1.53887
356.484	-1.6314
348.054	-1.89886
125.017	-1.84824
70.1699	-1.72261
86.6218	-1.30601
278.257	-1.09697
155.218	-1.69096
105.801	-1.95965
33.8729	-1.48357
21.1675	-1.36484
16.4998	-0.882544
18.7793	-1.07542
15.0693	-1.04947
14.4124	-0.802616
166.793	-1.04754
146.763	-1.05548
74.1331	-0.311549
75.2859	-0.764813
63.7726	-0.689532
75.8554	-1.24071
164.766	-2.09931
263.12	-2.11678
325.664	-2.23789
306.65	-2.2807
237.906	-1.99592
295.849	-1.97665
274.91	-2.02206
135.293	-2.10262
120.814	-2.19294
44.7529	-1.96958
25.101	-1.67759
20.5575	-1.63089
20.0774	-1.34451
17.822	-1.4749
17.3241	-1.32339
18.3514	-1.2171
17.0844	-0.862928
15.2321	-0.756612
12.0558	-0.931495
14.1951	-0.985419
12.5975	-0.96187
12.7617	-0.681676
15.6804	-0.636809
266.011	-0.629641
169.228	-0.653392
65.9837	-1.01911
36.9781	-1.04117
27.8372	-0.699493
23.7333	-0.46655
20.5381	-0.662894
22.8409	-0.472781
23.1921	-0.436449
22.1857	-0.609994
24.4106	-0.399576
19.698	-0.495944
17.1996	-0.705434
18.0306	-0.750658
9.67195	-0.745256
14.3997	-0.76217
13.7029	-0.802827
13.3951	-0.590967
13.3969	-0.749502
11.4693	-0.57152
10.4005	-0.65938
12.7221	-0.661346
13.6743	-0.606509
23.2236	-0.711001
197.013	-1.18118
587.23	-1.12111
503.736	-1.36209
502.763	-1.4996
521.025	-1.80851
568.495	-1.77442
513.602	-1.71693
400.219	-1.67303
250.991	-1.79758
246.66	-1.96637
348.432	-1.78584
364.425	-1.78827
369.772	-1.57539
276.509	-1.54539
187.226	-1.78324
116.652	-2.08937
69.6013	-1.85718
50.4376	-2.29144
35.3895	-1.97711
47.1821	-1.51878
311.873	-1.44586
643.152	-1.27178
846.14	-1.05231
752.308	-1.48111
726.793	-1.47615
739.144	-1.32366
655.903	-1.53536
765.579	-1.29799
809.877	-1.17238
756.944	-1.40337
857.166	-1.08053
835.067	-1.34647
626.494	-1.65965
710.864	-1.57267
614.851	-1.63538
376.545	-1.85683
336.524	-1.72016
312.585	-1.64129
400.482	-1.56699
557.204	-1.50642
742.796	-1.53842
747.197	-1.74238
608.76	-1.89612
209.086	-1.90799
172.469	-2.34547
358.881	-2.18936
521.632	-2.08836
663.306	-1.87822
658.671	-2.09152
684.011	-1.7449
616.832	-1.83271
556.278	-1.78054
425.172	-2.03118
344.114	-2.05441
225.266	-2.10734
160.999	-2.17785
152.748	-2.25858
138.161	-2.5452
187.668	-2.34607
243.044	-2.10635
260.319	-2.35765
323.823	-1.80461
326.531	-1.78001
333.614	-1.79586
448.378	-1.44874
421.41	-1.60175
411.92	-1.53667
433.76	-1.57413
511.834	-1.54451
474.476	-1.47318
355.254	-1.4857
307.02	-1.32775
487.918	-1.21019
458.581	-1.21364
282.183	-1.33983
344.788	-1.32066
341.742	-1.44552
414.135	-1.09651
418.358	-1.17992
332.179	-1.24521
263.743	-1.07985
288.004	-0.779791
212.146	-1.0329
159.997	-1.27557
158.314	-1.06166
200.568	-0.753446
206.355	-0.78593
194.218	-0.528153
153.822	-0.720502
274.212	-0.62724
240.872	-0.876507
312.686	-0.960219
384.899	-1.04327
290.495	-1.08157
265.881	-1.15243
292.955	-1.33216
251.633	-1.53786
256.59	-1.34945
142.652	-1.24232
126.157	-1.27805
143.606	-1.59339
300.802	-1.47278
220.297	-1.56534
248.242	-1.5535
364.535	-1.56164
314.79	-1.6566
220.907	-1.74602
170.359	-1.73661
206.361	-1.66393
194.922	-1.83278
139.142	-2.03574
96.7949	-2.17652
109.016	-2.20901
66.1646	-1.86646
44.1127	-1.61807
47.794	-1.42724
33.7882	-1.84839
32.3378	-1.64194
31.5763	-1.6294
54.3656	-1.65076
70.1508	-1.7379
90.1696	-1.66592
84.8095	-1.5318
84.8251	-1.42354
114.396	-1.37287
136.549	-1.4049
140.016	-1.82272
139.604	-1.72788
279.419	-1.25141
186.901	0.076096
160.784	0.51196
181.034	0.642696
250.482	0.866352
259.064	1.14879
185.49	0.918061
126.464	-0.238571
142.039	-0.724941
235.86	-1.21339
316.865	-1.34727
321.438	-1.06173
224.499	-1.04344
267.293	-1.01424
271.448	-1.15696
207.299	-1.02769
209.6	-1.06806
287.029	-0.960658
193.574	-0.938526
161.184	-0.952812
215.107	-0.712242
96.6018	-0.990831
71.7355	-0.978105
48.395	-0.910974
20.6009	-0.931946
17.8503	-0.85568
16.0805	-0.800864
14.4781	-0.655931
13.6756	-0.640287
12.9881	-0.494391
12.1748	-0.72688
11.6627	-0.463197
63.416	-0.0344198
126.998	-0.428968
78.6795	-0.0587293
70.0175	0.803465
61.4947	0.888421
89.2825	0.856476
101.712	0.965841
101.268	0.770609
107.702	0.585053
100.683	0.645722
110.113	0.414848
90.3475	0.46971
75.4285	0.44829
76.9041	0.251748
78.1511	0.017642
51.9229	-0.310553
36.4686	-0.568508
21.6726	-0.608684
18.8802	-0.729326
18.1029	-0.718774
6.01551	-0.274758
8.61821	-0.489032
7.84821	-0.412251
8.15258	-0.477007
7.51859	-0.354073
8.75691	-0.268282
8.49365	-0.384759
8.70112	-0.363377
9.71773	-0.442249
8.56612	-0.465335
8.14614	-0.452363
8.3685	-0.423217
9.24259	-0.481571
9.81231	-0.6263
13.6673	-0.229149
14.3948	-0.105486
12.0611	-0.170509
11.9655	-0.492952
12.7718	-0.362708
13.8786	0.0220745
14.9137	-0.110127
14.3373	-0.044393
16.0364	-0.126197
14.4144	-0.0703406
12.8327	-0.0775278
12.7512	-0.119958
12.9528	-0.0463159
15.1358	0.0931287
17.6363	0.133058
17.7084	0.484415
20.0323	0.245293
20.5369	0.28441
20.2013	0.343502
22.3557	0.246864
31.7099	0.159709
49.6323	0.0525081
92.8994	0.277109
84.857	0.293951
71.7836	-0.252976
104.615	-0.5827
421.314	-0.155767
492.166	-0.0911129
429.628	-0.168289
358.439	-0.394696
310.742	-0.556267
221.397	-0.873256
94.9562	-1.91516
178.136	-1.8226
214.176	-1.92885
126.984	-1.91447
166.646	-2.17185
193.416	-1.88203
375.225	-1.46848
574.337	-1.4422
824.224	-1.44153
958.609	-1.41605
1101.84	-1.26585
1032.71	-1.47742
940.525	-1.56731
985.236	-1.41799
716.201	-1.7516
603.302	-1.75743
544.51	-1.83871
487.997	-1.90426
442.479	-1.90337
418.564	-1.91832
500.069	-1.7917
359.049	-1.91289
279.166	-1.81646
309.984	-1.72507
333.369	-1.67862
366.704	-1.58403
320.607	-1.60526
288.133	-1.64937
275.202	-1.69465
227.99	-1.77277
299.808	-1.65919
431.246	-1.36752
411.515	-1.29447
423.685	-1.11764
392.643	-1.46462
351.08	-1.01393
332.266	-1.45063
222.74	-1.81554
205.694	-1.90945
231.035	-1.84338
201.513	-1.8823
142.892	-2.23132
150.913	-2.15894
144.718	-2.16979
143.429	-2.21929
152.6	-2.0606
137.484	-2.00571
110.674	-2.07022
83.5878	-1.99646
57.9127	-1.8902
84.9589	-1.96266
33.9433	-1.76476
16.2606	-1.17843
15.388	-1.25341
14.1101	-0.929776
12.8395	-0.962493
11.0489	-0.876779
10.5779	-0.864496
11.1903	-0.829005
10.008	-0.884299
8.40464	-0.850129
8.76928	-0.639322
10.272	-0.876188
14.1686	-1.25826
12.0487	-1.2222
15.394	-1.55991
16.1558	-1.82984
15.3571	-1.82484
17.1366	-1.64888
18.2151	-1.78584
17.6415	-1.61366
94.3313	-1.03804
488.56	-1.3124
507.363	-1.49105
465.2	-1.91411
336.304	-1.90442
285.22	-2.08921
300.696	-2.02575
210.624	-2.27984
187.948	-2.5457
131.434	-2.36873
157.907	-2.03462
132.53	-2.14366
123.537	-2.28723
126.016	-2.21153
131.551	-2.11957
150.635	-1.94032
111.863	-2.04482
98.577	-1.90132
143.957	-1.37879
195.672	-2.14782
315.394	-1.79125
219.55	-1.43819
117.949	-1.43604
75.3307	-1.21891
100.185	-0.140292
87.7962	0.15962
103.808	0.302157
93.3139	0.267419
72.5709	0.553276
102.753	0.244174
92.9022	0.437785
74.3872	0.00529349
44.706	-0.505076
65.3812	-0.666791
147.916	-1.60761
545.922	-1.42811
301.026	-1.6822
102.3	-1.74831
29.765	-1.65209
20.5126	-1.42372
16.7224	-1.44601
15.5009	-1.17717
13.5336	-1.10795
11.6036	-0.985683
11.8545	-0.980214
50.8243	-1.0021
132.317	-1.18905
447.376	-1.69676
695.77	-1.62079
552.484	-1.33392
408.359	-1.30186
347.433	-1.35811
296.551	-1.57104
173.833	-1.44762
218.465	-1.48994
315.863	-1.10434
439.55	-1.01157
472.215	-1.07626
449.895	-1.05442
411.356	-0.763378
396.206	-0.649861
442.649	-0.584774
366.05	-0.746965
293.828	-0.532736
248.216	-0.570621
227.754	-0.739121
126.751	-0.70281
97.0974	-0.342588
108.979	0.19684
119.697	0.406346
135.01	0.340588
123.111	0.489121
137.613	0.573632
117.443	0.720595
99.2754	0.414052
74.5722	0.3234
60.3096	-0.185431
108.76	-0.465953
535.782	-1.0402
266.884	-1.3055
222.513	-1.60303
206.79	-1.77074
213.679	-1.857
262.989	-1.54191
213.504	-1.95988
201.834	-1.65607
159.315	-1.63898
135.576	-1.64849
161.036	-1.60881
223.721	-1.60489
248.838	-1.60449
262.989	-1.57301
244.17	-1.5389
283.874	-1.573
304.366	-1.63603
306.617	-1.54787
185.883	-1.77458
175.652	-1.23917
186.143	-1.25186
187.446	-1.30078
193.37	-1.23002
156.734	-1.40925
238.978	-1.32336
315.699	-1.55541
349.934	-1.24295
399.339	-1.29635
388.723	-1.50158
335.253	-1.63232
375.132	-1.8702
241.511	-1.79542
218.893	-1.64419
174.679	-1.4088
81.0603	-1.64624
98.3649	-1.19408
137.629	-1.35383
177.538	-1.01825
123.657	-1.12822
116.819	-1.14232
168.763	-1.20894
212.356	-1.31792
186.298	-1.43841
198.715	-1.42316
255.659	-1.26361
215.644	-0.925272
186.889	-0.809523
211.381	-0.752513
204.792	-0.508034
163.63	-0.0199667
145.067	0.0697547
153.626	0.183642
197.6	0.386774
184.395	0.44602
178.57	0.398366
181.932	0.127401
217.693	0.143238
207.025	-0.147969
185.913	-0.551333
216.806	-0.766977
261.53	-1.1407
288.401	-1.43324
247.841	-1.51148
194.094	-1.76117
171.191	-2.16558
194.351	-2.06605
161.729	-2.3217
158.881	-1.94845
139.088	-1.71514
152.726	-1.71709
138.368	-1.70657
51.1801	-2.2738
55.4914	-2.24207
18.9701	-1.60281
15.4068	-1.48962
12.5915	-1.47629
11.7549	-1.26205
12.7393	-0.988351
11.4988	-1.03199
11.6284	-1.14268
10.6016	-1.02352
10.1273	-0.863503
9.03018	-0.757811
9.43841	-0.714415
29.1988	-0.84739
140.797	-0.936093
104.766	-0.931785
73.4892	-0.952871
49.7546	-0.659272
104.337	-1.04255
220.874	-1.57272
516.644	-1.40432
462.593	-1.29297
190.941	-1.42908
100.722	-1.46982
27.6612	-1.67885
22.5251	-1.47486
17.9527	-1.47134
17.1236	-1.29751
15.3285	-1.14732
12.4831	-1.0918
12.1167	-1.20929
11.4658	-0.908104
50.4517	-0.979987
146.824	-1.36267
286.258	-1.40834
432.272	-1.2382
217.099	-1.58207
202.794	-1.46183
253.265	-1.38445
201.772	-1.46488
243.7	-1.6464
164.443	-1.66056
217.836	-1.63809
188.807	-1.86956
150.387	-1.77964
110.246	-1.76659
117.933	-1.85081
143.067	-1.81727
121.437	-1.79811
113.477	-1.69564
153.828	-1.74592
150.82	-1.76223
135.422	-1.7009
115.503	-1.70814
133.633	-1.8439
143.073	-1.70706
139.18	-1.64248
233.228	-1.07424
299.261	-0.907199
327.033	-0.792811
318.147	-0.90196
303.226	-0.995402
246.257	-1.28337
200.407	-1.53686
168.161	-1.75343
164.262	-1.7675
137.337	-2.0124
104.932	-2.08727
87.5872	-1.87938
75.446	-2.05911
104.764	-1.65495
56.2925	-1.77716
168.789	-1.0643
82.4225	-1.15225
47.7117	-1.12897
33.2535	-1.10223
16.5255	-0.928766
53.0091	-0.818288
51.1604	-0.862249
40.9315	-0.439115
55.4887	-0.0747229
86.9302	-0.255721
96.8114	-0.841059
54.1279	-0.954543
122.077	-1.3492
42.9711	-1.22787
31.94	-0.61866
229.109	-0.710988
215.049	-1.02598
222.662	-1.23003
292.866	-1.35543
362.781	-1.50186
331.498	-1.10744
229.342	-1.30245
151.364	-1.2644
163.313	-1.1732
112.496	-0.319676
113.673	0.579251
80.2464	0.374022
66.7676	0.608115
63.9342	0.637498
61.438	0.59427
60.4677	0.938882
58.2515	0.782139
65.6304	0.925448
81.8989	0.807562
109.798	0.906817
133.616	0.869893
114.507	0.630046
78.2171	0.0529221
82.5803	-0.793627
218.322	-1.31882
449.324	-0.970858
304.908	-0.959879
246.178	-1.14814
215.065	-1.2572
232.417	-1.37237
312.031	-1.32405
167.048	-1.75411
151.218	-1.90437
151.576	-2.00159
136.459	-1.8909
113.785	-2.11006
109.588	-2.11866
135.041	-2.02531
118.983	-2.23541
103.691	-2.17372
81.2309	-2.14
46.0118	-2.03066
57.9527	-1.20346
195.872	-0.391418
77.0448	-0.231185
156.445	-0.198153
58.3266	0.210795
38.8754	0.0672222
32.5784	0.309622
28.8619	0.0902278
23.4322	-0.109569
13.4175	-0.32468
10.3835	-0.537042
9.72328	-0.524925
11.2438	-0.432483
18.1126	-0.25371
35.7877	-0.161044
70.8168	-0.754207
234.3	-1.16462
246.94	-1.21206
219.65	-1.24539
226.042	-1.31911
279.578	-1.27529
138.779	-1.31693
98.3247	-0.801656
37.127	-0.142401
65.3746	0.378719
106.528	0.616355
141.094	0.440622
102.061	-0.231799
27.0242	-0.416567
14.4135	-0.451179
11.1578	-0.579648
10.617	-0.582157
9.46396	-0.590336
9.6711	-0.534254
9.02234	-0.616526
9.05819	-0.509105
79.1524	-0.607485
81.5313	-1.44174
185.482	-1.66091
172.35	-1.69427
70.8899	-2.07013
104.205	-1.25415
109.956	-1.5366
162.541	-1.55939
175.421	-1.52317
128.933	-1.351
129.569	-1.33899
204.196	-1.18118
173.507	-0.988033
217.914	-1.0464
148.444	-1.2335
125.661	-0.967014
96.8297	-0.463062
83.1805	-0.542275
48.7987	-0.0423471
43.439	0.13367
40.9924	-0.0653264
30.8812	-0.391178
29.9585	-0.39746
27.3888	-0.349901
33.1449	-0.0827039
49.9556	0.149438
65.4771	-0.328806
38.5038	-0.76371
72.2771	-1.26872
165.56	-1.40023
217.481	-1.29005
98.5625	-1.33193
80.826	-1.39701
22.9229	-1.32103
14.5292	-0.974845
11.738	-0.719126
11.1283	-0.865986
10.965	-0.847019
19.6817	-0.816709
23.1231	-0.808396
24.7232	-0.768721
29.6103	-0.576779
58.3682	-0.639111
128.554	-1.3063
59.2903	-1.43114
45.9275	-1.06637
129.539	-0.846801
157.486	-0.497064
120.405	-0.495648
181.236	-0.422127
178.846	-0.446123
68.9532	-0.847934
71.7028	-0.704413
56.9566	-0.490386
63.025	-0.634898
41.1384	-0.514634
53.6156	-0.128994
55.9382	-0.232768
66.1592	0.418406
80.5044	0.747543
77.4139	0.727722
69.5981	0.869082
54.4987	0.941589
47.9651	0.764627
50.6123	0.795535
34.5521	0.401385
23.6313	-0.107317
26.2463	0.000617539
24.497	-0.218736
23.3254	-0.168597
22.4642	-0.185302
20.2706	-0.229763
20.8574	-0.287114
24.7271	-0.435338
27.0264	-0.238672
31.0351	-0.41868
42.4196	-0.243268
42.4499	-0.399028
28.7813	-0.44275
10.3818	-0.429741
11.2775	-0.404949
11.4673	-0.580864
11.9004	-0.299004
10.4632	-0.579567
11.805	-0.413281
11.1387	-0.684827
10.4651	-0.484628
11.5914	-0.500056
16.329	-0.576516
123.639	-0.392372
32.3306	-0.464406
19.3117	-0.527983
20.7764	-0.312132
38.4915	-0.614945
50.486	-0.106566
60.3706	-0.101515
80.3182	-0.253929
104.37	-0.802542
134.752	-0.854951
179.959	-0.971712
154.901	-1.38836
134.226	-1.45733
156.023	-1.48795
191.943	-1.55302
374.469	-1.49188
735.777	-1.07333
627.792	-1.51185
818.314	-1.28312
662.525	-1.46662
547.785	-1.50058
513.249	-1.55769
473.402	-1.65216
271.006	-1.86459
184.005	-1.76211
224.938	-1.63148
257.649	-1.64182
214.505	-1.62663
155.991	-1.65086
268.738	-1.66195
310.742	-1.8326
379.727	-2.02573
465.84	-1.8542
451.945	-1.84457
393.027	-1.82603
130.092	-1.99495
68.9295	-1.99218
37.3819	-1.85377
24.4386	-1.34956
25.7607	-1.39574
23.6494	-0.974441
22.8059	-1.29593
50.034	-1.45685
83.8817	-1.69071
98.8821	-1.85113
140.746	-2.19493
241.946	-2.24181
352.288	-2.21122
384.862	-2.076
282.739	-2.05272
239.107	-1.93235
158.473	-1.71589
180.962	-0.785943
194.732	-0.38642
204.823	0.0190372
168.206	0.261582
208.022	0.185528
163.617	0.209989
132.762	0.161237
129.148	0.28108
116.139	0.0953963
154.777	0.389949
147.829	0.236786
132.57	0.260789
131.519	0.209975
172.884	-0.699687
233	-1.09794
197.319	-1.21231
320.974	-1.51889
257.548	-1.44782
203.429	-1.78772
124.9	-1.85196
156.534	-1.73915
111.959	-1.66214
59.2231	-1.3342
88.0161	-0.913041
204.67	-0.460839
489.471	0.114552
560.064	0.524791
565.735	0.83625
407.61	1.0017
470.423	1.21475
441.925	1.18566
454.974	1.28018
461.908	1.29978
412.541	1.3399
451.115	1.07633
392.79	0.862591
279.328	0.709195
231.783	0.348464
303.582	-0.312437
672.352	-0.39268
519.18	-0.984702
529.129	-0.841057
555.413	-0.752074
548.376	-0.902322
602.668	-1.13639
597.288	-0.848816
627.073	-0.891123
556.696	-1.30474
531.706	-1.27795
525.53	-1.35826
387.146	-1.53754
322.137	-1.36445
184.424	-1.42748
152.328	-1.47905
165.658	-1.54541
176.53	-1.76489
211.811	-1.88303
338.783	-1.70539
479.276	-1.65564
462.712	-1.87037
462.557	-1.98106
432.542	-1.83542
475.12	-1.1084
396.556	-0.896476
432.099	-1.12958
669.293	-1.12903
687.753	-1.26806
752.78	-1.16066
753.717	-1.18071
785.984	-1.17242
679.614	-1.24693
508.282	-1.44801
341.228	-1.55942
70.0805	-1.77641
48.7344	-1.51606
47.5302	-1.35155
33.2562	-1.40173
27.68	-1.22345
42.8519	-0.975302
212.418	-0.725109
151.577	-1.11842
88.7469	-1.03323
188.925	-1.13685
286.203	-1.44115
294.41	-1.14836
287.641	-1.16528
245.126	-1.19945
264.351	-1.13774
269.418	-0.980296
188.798	-1.13342
237.807	-0.384411
264.607	-0.61038
204.764	-0.44519
208.504	-0.212902
194.952	-0.0157978
180.527	-0.199565
184.419	-0.548746
118.385	-1.14464
49.0715	-1.29087
35.8608	-1.18118
36.7174	-1.07952
51.7207	-1.10509
63.8981	-1.43511
147.647	-1.48775
387.329	-1.21915
368.972	-1.40016
348.594	-1.37753
325.866	-1.37465
370.3	-1.37704
528.435	-1.46166
465.402	-1.7054
418.076	-1.70557
414.056	-1.78607
444.296	-1.74131
342.322	-2.18235
175.735	-2.02904
82.3018	-1.66998
35.3564	-1.40055
39.9085	-1.12629
102.798	-0.917627
420.507	-0.859809
169.15	-0.549378
147.806	-0.742248
223.9	-1.71963
259.864	-1.88949
164.591	-1.99281
208.222	-2.07058
208.989	-2.52555
163.326	-2.24918
179.387	-2.14691
234.928	-2.07413
173.608	-1.9832
211.801	-2.08341
270.901	-1.74667
149.778	-1.9317
125.359	-1.96835
132.179	-2.04629
72.6719	-1.85797
62.5226	-1.73301
78.8967	-1.56761
64.0987	-1.4176
58.2935	-1.53388
49.1307	-1.45289
7.44045	-0.478136
8.74864	-0.597294
9.26127	-0.425871
9.17129	-0.620482
9.49987	-0.479049
8.89659	-0.392218
8.74451	-0.506483
10.4247	-0.330564
9.18453	-0.545769
9.20522	-0.42399
42.3975	0.0265898
389.841	-0.248373
329.415	-0.550234
262.438	-1.32859
638.334	-1.39349
665.79	-1.53674
829.231	-1.73281
611.492	-1.61627
721.16	-1.82886
513.515	-2.02871
316.518	-1.90377
228.175	-1.78949
190.397	-1.95645
197.409	-1.88835
240.259	-1.79305
182.899	-2.08207
245.606	-1.78321
194.319	-2.00083
125.388	-1.88921
75.0839	-2.09333
71.7357	-2.13379
95.9941	-1.35781
375.863	-0.739641
668.748	-0.706228
744.006	-0.946155
628.208	-1.10501
727.845	-1.04581
895.571	-0.724581
837.829	-0.696634
829.189	-0.631861
819.558	-0.586069
863.983	-0.426549
693.684	-0.462457
712.131	-0.517297
717.74	-0.441421
728.747	-0.399233
674.937	-0.55855
543.474	-0.426316
256.348	-0.683114
114.604	-0.643309
42.0335	-0.569274
40.5145	-0.643817
31.2405	-0.815324
76.2835	-0.159069
57.1268	-0.362184
21.6613	-0.584664
124.398	0.21691
108.861	0.061987
141.559	0.134166
173.022	0.0816347
178.803	0.138751
188.578	0.186813
198.49	0.10875
141.803	-0.262636
137.977	-0.255325
120.416	-0.309412
137.002	-0.290548
172.522	-0.344497
235.879	-0.411396
414.914	-0.226974
467.687	-0.289767
446.36	-0.801782
591.429	-0.738021
603.607	-0.86045
740.525	-0.905948
1150.2	-0.808901
1183.57	-1.12539
705.421	-1.5567
667.837	-1.62757
584.512	-1.46981
237.062	-1.55894
105.88	-1.5879
66.3037	-1.78921
44.0509	-1.40537
36.6384	-1.25957
32.4414	-1.19336
33.0384	-1.12247
33.4295	-1.20093
30.8496	-1.4837
42.3071	-1.83819
103.865	-1.82858
131.922	-1.75974
163.287	-2.0517
209.268	-1.9099
230.094	-1.86231
255.536	-1.74361
302.067	-1.6598
337.369	-1.65061
324.444	-1.69934
309.914	-1.66486
284.911	-1.58878
287.479	-1.93561
359.251	-1.77406
387.827	-1.67502
439.749	-1.58064
531.909	-1.59217
263.533	-1.1342
346.636	0.105603
430.21	0.757472
365.674	1.404
251.864	0.894479
172.189	0.497521
129.742	0.428057
112.296	0.145287
50.5014	-0.00122207
36.5323	-0.102683
30.4423	-0.0815209
33.0003	-0.00387663
44.0605	-0.0634235
68.7012	-0.0758699
86.9509	-0.0736501
86.3062	-0.12089
72.8318	-0.123915
99.0088	-0.591147
295.667	-0.523912
421.929	-0.322068
394.664	-0.385044
308.535	-0.657411
242.247	-1.06221
50.5704	-1.20326
28.8356	-1.19743
20.7455	-0.62249
19.9876	-0.606774
17.9745	-0.623888
14.6537	-0.615905
15.1358	-0.665803
14.4169	-0.728217
18.558	-0.648873
81.2118	-0.407617
130.144	-1.03185
274.439	-1.16647
282.407	-1.36512
334.608	-1.11732
650.876	-1.34664
456.423	-1.52326
738.424	-1.52759
787.929	-1.44259
543.546	-1.76215
451.086	-1.82796
466.797	-1.53187
320.617	-1.22735
291.213	-0.420718
163.842	-0.15385
127.209	-0.0917224
77.4453	-0.592274
68.0763	-0.48046
61.6077	-0.344184
59.6836	-0.303835
65.6899	-0.647084
92.2176	-1.17482
172.757	-1.06673
196.528	-1.14418
236.941	-0.878153
175.333	-1.05484
164.24	-0.445233
134.351	-0.370352
67.3825	0.133108
100.306	0.349263
182.819	0.888366
256.145	0.600483
106.27	0.0477385
27.3535	-0.226662
17.1752	-0.342763
15.5121	-0.1753
27.5035	-0.350615
27.1888	-0.388969
29.4786	-0.399904
64.5711	-0.371404
61.2261	-0.519952
59.4478	-0.792718
64.6372	-1.42721
163.422	-1.67201
196.305	-1.96015
182.611	-1.64997
155.955	-1.78592
125.898	-1.85378
138.548	-1.74889
166.653	-1.75084
146.296	-1.82285
253.87	-1.09127
200.843	-1.04813
225.905	-0.814088
290.654	-0.737943
245.145	-0.648075
225.291	-0.603885
200.531	-0.99984
114.302	-1.3629
32.6753	-1.38834
21.461	-1.26414
17.0721	-0.765904
14.966	-0.776767
13.3975	-0.71896
12.6839	-0.723236
11.5937	-0.681206
14.0641	-0.835126
35.7571	-0.673486
51.4219	-0.8149
65.502	-0.724089
111.548	-1.3007
100.69	-1.16052
123.476	-0.95382
129.798	-0.965676
227.785	-1.04998
274.858	-1.23785
240.56	-1.53263
232.689	-1.29443
235.789	-1.35436
205.757	-1.41708
162.173	-1.41525
200.902	-1.46593
107.635	-1.70192
65.8688	-1.67528
57.923	-1.38629
52.8173	-1.3033
51.1171	-1.33547
37.7249	-1.24292
27.1783	-1.20017
58.7382	0.160843
65.9467	0.316979
85.3968	0.801366
67.1805	0.609348
65.1215	0.630877
65.5838	0.526326
61.5222	0.52077
60.9979	0.317664
57.5541	0.630134
61.291	0.681826
68.0866	0.427213
53.6568	-0.0292008
36.5229	-0.23798
4.41219	-0.520695
7.02831	-0.399137
6.67838	-0.213447
6.93548	-0.360956
7.08643	-0.388439
6.20064	-0.300502
6.46288	-0.0802321
6.89154	-0.233777
7.18571	-0.425152
7.1687	-0.46363
10.0759	-0.508137
32.3838	-0.76134
77.6742	-0.595033
107.816	-0.599997
82.8791	-0.970416
100.543	-1.28611
335.916	-1.35469
376.9	-1.34074
334.198	-1.21113
278.51	-1.21566
236.786	-1.34692
270.528	-1.2033
200.927	-1.73131
236.661	-1.95623
262.133	-1.68098
187.029	-1.82506
115.981	-1.94569
76.5051	-2.02464
60.0785	-2.0364
50.8401	-1.89978
49.3345	-1.73916
50.4501	-1.58978
66.7968	-1.54654
109.169	-1.40891
160.003	-1.47473
230.806	-1.49818
331.306	-1.73178
393.687	-1.74444
617.864	-1.737
607.948	-1.87563
885.585	-1.57328
912.159	-1.60817
834.709	-1.84489
746.072	-2.06985
826.049	-1.81799
552.668	-1.98667
138.906	-1.93236
104.347	-1.52298
393.417	-1.44265
369.049	-1.69601
317.433	-1.59646
170.07	-1.60098
150.926	-1.24661
246.311	-1.40312
242.745	-1.52048
183.99	-1.35978
202.294	-1.32692
327.985	-1.07606
400.604	-0.826719
453.419	-0.661348
460.113	-0.503579
470.663	-0.410785
467.548	-0.251705
470.633	-0.217471
482.368	-0.259958
451.774	-0.420052
387.969	-0.771095
226.08	-1.12762
68.7603	-1.62739
41.5636	-1.13238
30.2284	-1.1177
24.729	-0.857935
23.475	-0.9663
20.2076	-0.868347
22.0647	-1.0113
55.8852	-1.63073
273.083	-1.40289
517.632	-1.37638
505.844	-1.57402
406.026	-1.94327
346.638	-2.0782
345.489	-2.04861
284.158	-1.97537
72.5354	-2.50359
31.3443	-1.96909
23.5973	-1.83932
23.0464	-1.57194
17.5671	-1.49387
18.7424	-1.43518
14.5193	-1.3114
33.3948	-0.841896
201.019	-0.552566
98.3453	-0.633736
390.79	-1.29426
806.845	-1.23788
464.32	-1.54619
199.8	-1.93718
88.045	-1.74507
35.313	-1.60456
27.7646	-1.54923
21.3393	-1.26972
20.0484	-1.22905
18.1893	-1.25369
15.8419	-1.24194
50.3919	-0.0657997
106.69	0.142477
111.212	-0.303119
54.7541	-0.255166
61.718	-0.602489
164.706	-0.17576
209.721	-0.220389
142.906	-0.376129
135.972	-0.349142
122.707	-0.250287
108.354	-0.199121
98.2732	-0.167172
94.0832	-0.200857
85.5926	-0.303182
83.2939	-0.187605
85.9841	-0.414841
95.6216	-0.600961
116.829	-0.518705
132.944	-0.461514
136.234	-0.581432
129.108	-0.668625
85.6459	-0.849584
25.3231	-1.18304
21.427	-1.17506
11.5068	-0.614138
12.0346	-0.690504
15.0372	-1.15016
11.38	-1.02522
11.5852	-1.07747
11.3138	-1.26044
12.1176	-1.15164
11.0013	-1.15655
10.4134	-1.30502
12.5622	-1.06293
83.6104	-0.975155
113.834	-0.527382
108.333	-1.09368
102.604	-1.21564
99.5086	-1.18861
119.305	-1.23507
131.62	-1.40457
127.118	-1.51788
160.577	-1.22507
83.2718	-1.32989
106.088	-1.43206
179.313	-1.46871
221.439	-1.42121
265.522	-1.42079
215.673	-1.70491
221.27	-1.96452
273.242	-1.77637
232.361	-1.93911
198.142	-1.90423
249.077	-1.78042
123.649	-2.08902
116.714	-1.94942
108.957	-1.79147
118.933	-1.77258
130.805	-1.81401
127.875	-1.75041
101.553	-1.84361
78.2033	-1.73678
38.0265	-1.574
34.4138	-1.6636
27.0326	-1.57617
172.086	-0.349173
213.585	-0.500232
120.409	0.036464
71.7642	0.30931
90.8108	0.619876
87.687	0.586461
108.099	0.675904
120.264	0.806453
128.09	0.895271
108.523	0.773056
111.644	0.658548
130.937	0.816261
136.829	0.811963
115.325	0.462707
111.572	0.305493
128.815	-0.565797
142.227	-0.808083
108.608	-0.520707
165.039	-0.328356
149.895	-0.366893
131.649	-0.381035
156.728	-0.475815
131.779	-0.995977
170.872	-0.737725
196.938	-0.445998
212.008	-0.0930267
194.151	0.0347173
123.333	0.0412145
95.9761	0.260764
73.1838	0.158104
84.0748	0.474048
82.0445	0.47979
73.2672	0.0731483
73.5793	-0.613462
71.8313	-0.835178
65.0012	-0.978627
70.2625	-1.11215
70.105	-1.10118
77.1748	-1.06165
91.0369	-0.883578
94.7947	-0.529578
85.6919	-0.491846
85.6055	-0.458485
99.5903	-0.276368
100.23	-0.410858
121.453	-0.353712
128.275	-0.276952
119.181	-0.414429
132.76	-0.411501
148.328	-0.506775
159.293	-0.864865
187.475	-1.01095
203.592	-1.40469
244.759	-1.53625
271.419	-1.57992
319.024	-1.57137
281.203	-1.72288
286.032	-1.77211
221.469	-1.63152
173.495	-0.752794
68.1441	-0.0280111
71.0629	0.0923875
80.4988	0.41466
84.487	0.334875
75.1835	0.416649
61.1083	0.476782
64.1417	0.459959
64.6198	0.105397
51.5073	0.0561012
32.16	-0.296807
28.7978	-0.725519
48.3374	-1.82627
71.8616	-1.89889
80.0087	-1.966
103.739	-1.78446
118.836	-1.68773
107.394	-1.65723
107.227	-1.6334
104.438	-1.71799
77.5107	-1.91535
36.5051	-2.02479
61.1498	-0.952271
197.907	-0.114764
197.084	-0.28952
145.376	0.205162
121.655	0.518108
117.371	0.630225
120.41	0.727825
132.594	0.67058
98.0268	0.389802
68.4942	-0.09422
115.903	-0.785408
404.828	-1.21828
329.19	-1.67824
212.977	-1.81156
293.089	-1.50474
312.762	-1.25492
224.48	-1.41949
152.81	-1.76169
128.024	-1.87195
92.7227	-2.19379
109.339	-1.85349
101.093	-1.80672
86.4464	-1.90645
81.3152	-1.95183
75.3537	-2.08385
57.8374	-1.67652
37.9027	-1.74979
23.8653	-1.81419
33.2581	-1.40875
65.7557	-1.18971
28.5651	-1.21093
50.594	-1.38145
123.094	-0.91821
122.522	-0.809788
124.892	-0.758584
120.935	-0.747858
103.16	-0.875789
111.199	-0.499381
73.0412	-0.256876
67.6672	0.408215
63.5782	0.553688
65.9844	0.294477
69.4129	0.465554
86.5299	0.389303
93.5275	-8.75857e-05
92.4026	-0.301844
99.389	-0.690146
123.982	-0.681451
125.308	-0.80372
139.361	-0.361751
120.008	-0.252836
145.17	0.13072
190.214	0.849667
189.881	1.01526
129.877	0.806793
161.798	1.08764
152.056	0.783901
153.558	0.587357
119.646	-0.48691
120.936	-1.19992
164.155	-1.43388
230.898	-1.54952
368.417	-1.35859
335.601	-1.70126
170.887	-1.38823
59.3432	-1.42591
22.3169	-1.13458
17.786	-0.947018
17.2645	-0.949961
16.0948	-0.634288
13.0898	-0.686608
166.941	-0.542006
105.979	-0.699505
32.7873	-0.229347
43.6101	-0.721592
150.087	-1.28762
398.088	-0.935911
267.367	-1.13572
255.292	-0.854969
252.73	-0.9509
309.938	-0.914051
271.324	-0.818647
204.898	-0.839441
236.046	-0.773785
150.739	-0.962781
84.5696	-0.723702
108.851	-0.179414
83.5516	0.236269
81.4089	0.515364
94.7022	0.820101
86.9846	0.998528
114.37	0.766569
105.732	0.187343
80.2059	-0.264842
70.3726	-0.650046
89.8525	-1.00384
120.31	-0.930472
96.821	-0.835506
75.5452	-1.38712
77.5523	-0.976738
44.9228	-1.07724
40.6977	-1.21827
39.8612	-1.06376
26.8356	-0.980503
20.2172	-1.32149
20.3349	-0.829681
21.6979	-0.853287
16.6006	-0.907155
16.9663	-0.745632
18.5802	-0.931136
28.5985	-0.57162
44.1851	-0.299504
50.6047	0.185507
47.6458	0.443623
45.8912	0.603799
46.3513	0.508817
64.5121	1.14092
51.4685	0.868622
39.1833	1.08535
51.3722	1.10604
48.3568	0.976432
34.7177	0.845602
30.2487	0.518081
23.3059	0.210416
12.6949	-0.344041
10.3029	-0.211729
9.04198	-0.421683
8.49776	-0.426919
7.6897	-0.128578
8.49725	-0.251525
6.59609	-0.614386
8.01541	-0.531275
8.13717	-0.410564
8.40569	-0.249646
8.96713	-0.259074
7.46854	-0.347
8.26873	-0.277515
8.98753	-0.254523
7.85468	-0.407288
8.13118	-0.36363
8.13683	-0.504998
8.93586	-0.41381
79.9496	-0.90798
311.889	-1.16474
377.441	-1.33091
289.105	-1.23906
289.441	-1.12105
379.475	-1.05075
271.531	-0.267918
272.489	0.445437
244.908	0.62361
137.053	0.598144
134.352	0.180653
100.873	0.399362
74.6944	0.228542
55.1389	0.174653
30.9883	-0.167081
19.0488	-0.317177
15.0688	-0.218418
15.1612	-0.357488
14.3227	-0.342785
55.5367	-0.115438
124.543	-0.393477
125.808	-0.305451
158.539	-0.490186
103.888	-1.10075
443.991	-1.4624
797.868	-1.5338
660.749	-1.34468
659.94	-1.78676
567.605	-1.98637
505.486	-1.90548
342.106	-1.72339
272.276	-0.743526
177.125	-0.517277
139.155	-0.280983
120.513	-0.142637
137.478	-0.149715
167.75	0.192229
139.834	-0.0505658
117.666	-0.825611
265.035	-1.6342
416.969	-1.69623
370.488	-1.79977
403.69	-1.64396
334.079	-1.70146
239.941	-1.71159
159.616	-1.66584
108.842	-1.79485
84.1269	-1.86816
46.7339	-1.92723
21.7095	-1.71589
19.0594	-1.5426
15.5883	-1.2327
16.0548	-1.34706
12.9189	-1.32805
93.2298	-0.175674
214.435	-0.000342761
165.694	-0.111099
106	-0.454861
59.1724	-0.689624
208.548	-1.36422
272.26	-1.57462
216.142	-1.82298
138.48	-1.70876
109.613	-1.54079
141.543	-1.15434
153.933	-0.954987
177.342	-0.76188
199.097	-0.8141
227.114	-0.818785
232.891	-0.854972
218.785	-0.71353
185.543	-0.629742
154.371	-0.655027
132.086	-0.742194
118.452	-0.625918
44.3674	-0.883295
25.25	-1.19831
21.8303	-1.2525
20.4908	-1.10878
14.5237	-1.16088
13.8023	-1.10474
23.2563	-0.493854
132.577	-0.497757
128.279	-0.252654
151.527	-0.177103
134.943	-0.262213
267.673	-0.703242
305.763	-1.05812
304.388	-1.1692
349.903	-1.2385
410.117	-1.28606
449.323	-1.46741
548.836	-1.44765
555.487	-1.65928
587.373	-1.49421
512.025	-1.68626
388.642	-1.59001
373.82	-1.5599
265.102	-1.80641
178.123	-2.04054
79.4583	-1.917
36.5318	-1.84207
32.3748	-1.59336
25.0743	-1.46161
20.4401	-1.52325
17.135	-1.48746
25.9572	-0.804899
145.314	-0.585276
64.4559	-0.803184
37.1397	-1.68751
17.4451	-1.27179
12.7893	-1.1091
11.3345	-0.702531
9.44625	-0.56502
10.5896	-0.841206
90.797	-1.27935
358.306	-1.43589
234.569	-1.2262
371.298	-1.24406
683.919	-1.28937
710.556	-1.22908
604.63	-1.22792
626.596	-1.34939
671.328	-1.5886
643.761	-1.60479
559.836	-1.56491
409.619	-1.49096
390.263	-1.67094
340.979	-1.80218
301.04	-1.41162
191.955	-1.51162
214.771	-1.53462
285.4	-1.45511
296.871	-1.4098
263.912	-1.4761
355.104	-1.56476
479.577	-1.72018
416.979	-1.8923
375.813	-1.63274
405.294	-1.58871
511.392	-1.69071
238.877	-1.75366
168.732	-0.971011
89.2869	-0.529895
111.367	-0.249163
87.5635	-0.381878
85.0102	-0.616034
94.5726	-0.407097
108.011	-0.173908
115.685	-0.156149
104.701	-0.257879
83.1186	-0.5945
177.453	-1.22881
763.992	-1.60314
723.348	-1.6626
575.215	-1.78608
463.78	-1.87759
451.453	-1.92101
490.176	-2.03406
606.962	-1.90123
779.254	-1.7319
376.518	-2.23754
98.3893	-1.831
81.3761	-1.24896
198.82	-0.798146
231.282	-0.374683
147.807	-0.539452
48.5846	-1.34611
187.516	-1.32871
158.744	-0.893555
105.656	-1.70853
161.768	-2.19377
203.412	-2.33702
213.45	-2.30423
194.705	-2.30266
211.135	-2.1338
211.415	-2.14512
246.786	-2.10318
286.727	-2.43357
316.543	-2.44027
314.115	-2.24598
320.51	-2.28661
326.985	-2.09969
287.692	-2.09677
184.43	-2.34842
94.2736	-1.83555
45.1383	-1.80722
28.8111	-1.72235
24.504	-1.68672
21.2453	-1.86414
23.5738	-1.68457
54.038	-1.37957
133.236	-0.842745
159.158	-0.786379
182.603	-0.3801
148.16	-0.464671
127.487	-0.418864
131.524	-0.382745
125.98	-0.461661
92.5088	-0.715259
69.2208	-0.711416
54.8272	-1.26934
83.0155	-1.85545
69.2976	-1.73639
74.3176	-1.66302
99.9586	-1.84725
84.2342	-1.87485
63.3515	-1.78367
57.7267	-1.7252
36.1135	-1.6558
16.6161	-1.54292
13.0063	-1.29447
13.1868	-0.737204
51.4961	-0.269785
99.1964	-0.512924
103.05	-0.255025
93.1476	-0.0433587
58.1605	-0.0364459
56.9481	-0.0154467
65.8843	-0.285893
103.669	-0.439524
123.269	-0.314052
107.292	0.246129
122.996	0.742561
146.768	0.90185
136.861	1.09897
157.673	0.948218
170.088	1.06147
158.234	0.841759
186.895	0.796887
140.589	0.763339
144.206	0.379766
104.494	0.545807
97.0122	0.435427
77.5521	0.217682
68.6723	-0.415226
103.693	-0.555065
165.825	-0.521443
188.696	-0.567636
154.931	-0.676369
171.55	-0.804419
95.1004	-1.29834
72.2196	-1.4662
79.9358	-1.7358
74.1441	-1.49135
76.2066	-1.79973
94.4115	-1.39755
84.6941	-1.32041
92.7277	-1.33533
75.8628	-1.5897
40.2945	-1.67996
48.423	-1.63417
36.3271	-1.69474
28.8147	-1.51987
31.5379	-1.4653
20.9743	-1.22655
13.5545	-1.25466
11.3049	-1.01358
9.21315	-0.664473
10.0723	-0.656719
10.5941	-0.649899
75.057	-0.371478
343.125	-0.441335
54.8767	-0.483925
63.8462	-0.218535
78.4819	-0.46007
63.0941	-0.338275
55.9652	-0.468913
53.805	-0.315414
38.6224	-0.436326
35.099	-0.664704
30.8515	-0.635093
25.1119	-0.59002
27.5479	-0.445689
22.9804	-0.817353
17.5883	-0.728351
14.7478	-0.672074
13.47	-0.552072
5.50229	-0.499285
8.34218	-0.51915
7.69226	-0.333758
7.90678	-0.425677
7.72205	-0.511362
7.94254	-0.562301
7.49866	-0.421774
7.78877	-0.273422
8.26272	-0.242778
14.7997	-0.272475
201.543	-0.44086
191.057	-0.691427
90.1665	-0.37806
51.3081	-1.08624
112.678	-1.29237
141.165	-1.54517
152.973	-1.83519
364.763	-1.43666
405.458	-1.62319
436.965	-1.78646
443.326	-1.91331
420.863	-1.94949
477.967	-1.76959
373.141	-1.93973
323.05	-1.92653
260.504	-2.10763
221.695	-2.019
218.875	-1.9654
185.369	-1.95605
136.053	-1.86564
111.359	-1.88914
59.4687	-1.85816
82.0901	-1.11457
159.949	-0.251818
320.528	-0.260748
337.117	0.235608
241.12	0.427682
175.132	0.168066
32.0418	-0.417101
21.5087	-0.234732
18.0282	-0.283159
18.071	-0.461509
25.2633	-0.372513
33.6131	-0.250551
34.5448	-0.52215
31.3473	-0.735852
141.907	-1.31479
389.466	-1.27757
462.135	-1.23863
519.657	-1.21164
569.446	-1.19098
553.147	-1.31027
568.737	-1.37923
642.742	-1.30343
682.763	-1.3522
598.703	-1.64848
484.415	-1.87966
223.104	-2.03815
197.986	-2.06872
272.794	-1.71352
223.053	-1.33002
72.545	-1.78782
38.5709	-1.64587
30.4692	-1.61695
23.3974	-1.64014
20.5295	-1.67407
19.542	-1.56557
18.0419	-1.63548
20.8306	-1.76032
25.668	-2.04601
32.0782	-1.84356
32.8971	-1.63904
29.3996	-1.57795
26.883	-1.76674
27.9786	-1.58807
25.1053	-1.69016
49.0272	-1.45559
139.104	-1.50345
310.071	-1.42965
398.281	-1.46019
323.566	-1.59701
344.116	-1.34699
460.921	-1.33001
556.754	-1.97753
337.743	-1.40081
207.225	-0.711292
202.913	0.430645
163.573	0.607427
172.956	0.511679
147.499	0.382623
122.01	0.523393
110.211	0.610358
115.079	0.700316
115.359	0.610276
111.383	0.155496
76.7674	-0.514143
72.2825	-1.48449
415.942	-1.80284
473.235	-1.8051
490.065	-1.63231
586.317	-1.49478
665.931	-1.44953
752.764	-1.37961
816.966	-1.30299
678.211	-1.38868
656.714	-1.386
571.522	-1.49358
459.858	-1.69763
324.459	-1.87013
167.191	-1.93682
58.2253	-1.85116
38.5679	-1.79936
29.7175	-1.64753
23.2942	-1.34611
23.3056	-1.54698
20.7017	-1.35503
18.2948	-1.20391
126.045	-0.824911
102.823	-0.964564
23.266	-1.17497
18.0282	-1.09185
11.5991	-1.01986
12.318	-0.94703
10.8684	-0.864133
12.2175	-0.788872
14.1406	-0.603136
9.44212	-0.673906
9.73389	-0.5286
80.7779	-1.02923
173.126	-1.60704
211.114	-2.0488
428.319	-1.79388
334.949	-1.99273
310.568	-1.93442
281.552	-1.83833
207.289	-2.06254
212.27	-1.83778
196.163	-1.86385
160.551	-1.79694
137.336	-1.85148
138.177	-1.97897
204.713	-1.53128
167.9	-1.64557
135.516	-1.53375
123.801	-1.46169
136.361	-1.45125
181.523	-1.32878
205.86	-1.15743
93.2532	-1.43449
78.9221	-1.42524
79.6478	-1.64896
81.1371	-1.56837
101.128	-1.46592
144.783	-1.5438
112.571	-1.37108
107.967	-1.34505
98.8848	-1.41604
94.5802	-1.46476
85.5607	-1.75413
85.2226	-1.96979
114.331	-1.82725
130.144	-1.69565
87.6012	-1.94336
121.067	-1.43433
119.63	-0.477499
112.978	0.179752
109.238	0.861053
109.018	0.691565
106.743	0.422982
96.3202	0.220139
73.5799	0.260133
66.309	0.538911
49.1212	0.16562
55.3109	-0.32529
92.8867	-0.743775
160.352	-1.53636
329.506	-1.37589
505.059	-1.29065
471.151	-1.36227
395.248	-1.4309
230.951	-1.50216
88.4605	-1.765
31.811	-1.60101
24.3781	-1.53755
18.2212	-1.42699
17.9753	-1.24802
16.8204	-1.05473
14.891	-1.34501
61.157	-1.58493
26.6323	-1.5892
25.8275	-1.41135
84.675	-1.51054
147.795	-1.23793
169.807	-1.29496
206.149	-1.60718
194.862	-1.59575
167.612	-1.49199
124.269	-1.51895
133.92	-1.52925
126.892	-1.62275
103.632	-1.56398
49.9475	-1.63563
31.1228	-1.84319
28.1356	-1.63912
104.987	-0.460945
229.956	-0.497865
202.728	-0.468688
78.2663	-0.602234
207.003	-1.42523
414.064	-1.24558
602.194	-1.00459
547.759	-0.888483
285.995	-0.894159
145.646	-1.06623
93.5836	-1.90527
101.057	-1.78543
171.567	-0.888783
215.478	-0.619647
293.332	-0.570566
348.6	-0.470131
286.9	-0.547884
298.404	-0.650722
326.997	-0.780362
207.263	-1.239
199.421	-0.927822
145.82	-1.33763
184.634	-1.14026
168.366	-1.15615
150.719	-0.97061
271.692	-0.814556
348.927	-0.943706
220.982	-0.96869
275.554	-0.870453
300.74	-1.0648
186.972	-1.11567
186.156	-1.1059
177.948	-1.48361
84.7203	-1.59997
79.6047	-1.6334
72.8876	-1.83361
54.7435	-1.3428
59.9494	-1.26518
36.0314	-1.12012
22.4194	-1.35483
21.9972	-1.25532
35.3618	-0.758545
71.9534	-0.161599
116.734	0.270245
85.5481	0.557111
83.9984	0.504651
74.5409	0.65514
66.9766	0.809229
59.4488	0.91429
56.5672	0.904119
47.9065	0.797037
41.3262	0.820611
38.9388	0.73281
37.9119	0.861633
46.0767	0.869383
45.3846	0.842948
6.52814	-0.374428
9.82818	-0.381415
9.36888	-0.584563
9.35077	-0.44607
9.79472	-0.375632
10.1776	-0.450211
9.82235	-0.451442
11.2086	-0.469116
10.0045	-0.553853
10.0444	-0.390943
9.14732	-0.513874
10.4509	-0.512044
58.9794	-1.20883
62.1164	-0.835637
339.706	-1.30761
739.022	-1.31139
668.058	-1.47148
777.516	-1.06893
882.308	-1.25506
593.888	-1.4242
461.63	-1.52946
403.129	-1.50282
460.617	-0.904058
366.528	0.226644
350.552	0.52459
240.2	0.587919
214.928	0.408077
147.034	0.335548
115.684	0.0800439
75.1643	-0.0494556
36.1843	-0.146003
23.5461	-0.437745
19.8898	-0.625762
21.2999	-0.528546
29.4022	-0.379075
60.1857	-0.174069
92.475	-0.220301
60.4107	-0.299277
146.91	-0.742072
276.409	-0.596228
248.07	-0.680309
246.852	-0.908148
286.847	-0.986119
165.869	-0.697321
166.026	-0.0420739
175.264	0.590913
185.238	0.52457
165.684	0.59551
199.636	0.636376
181.965	0.498581
188.447	0.538521
112.06	-0.286926
249.544	-1.20366
664.495	-1.36691
475.033	-1.58341
603.496	-1.28004
644.868	-1.45763
774.214	-1.3704
508.845	-1.6238
567.649	-1.66285
302.481	-1.82873
361.396	-1.90897
198.269	-1.72183
127.262	-1.23816
59.2358	-0.85925
47.896	-0.380342
56.3606	-0.287654
70.29	-0.214237
76.7517	0.0946779
81.354	0.00507888
74.653	0.032099
83.3166	0.00981041
80.89	-0.0643171
68.699	0.0339326
33.2107	-0.0917139
30.2041	-0.62405
70.8275	-1.70293
139.586	-1.54869
197.841	-1.69232
373.645	-1.64114
488.605	-1.63905
612.341	-1.67339
739.722	-1.41901
658.373	-1.40014
336.172	-1.44681
207.111	-1.43441
105.064	-0.776741
93.163	-0.397841
69.6258	-0.353731
83.2905	-0.168324
96.6532	-0.0697825
147.632	-0.213535
176.143	-0.367116
125.187	-0.353374
135.272	-1.0623
419.133	-1.65389
619.213	-1.57927
620.508	-1.72227
715.18	-1.69492
627.49	-1.73161
647.454	-1.57188
554.084	-1.65409
279.156	-1.56611
61.0475	-1.9641
133.323	-1.21647
289.918	-1.00287
305.843	-1.10534
418.114	-0.87926
410.294	-0.7562
349.479	-0.609389
275.344	-0.603616
196.657	-0.918023
163.278	-1.22675
170.305	-1.14428
110.406	-1.21481
80.9005	-1.74527
67.371	-1.955
71.0781	-1.83937
101.644	-1.76538
129.359	-1.92578
170.605	-1.92131
206.747	-1.82137
242.961	-2.02033
263.344	-2.12865
289.633	-2.03966
325.02	-1.96584
403.406	-1.88308
434.516	-1.8677
309.833	-1.9597
192.82	-1.98862
153.256	-1.9919
130.602	-2.08927
158.108	-1.85777
139.761	-1.76125
169.884	-1.72581
295.336	-1.76675
393.104	-1.74253
391.082	-1.72167
355.755	-1.66752
433.095	-1.54154
371.074	-1.69159
136.758	-1.50684
56.411	-1.59228
28.7586	-1.96232
27.0853	-1.6884
45.2538	-1.21405
121.666	-1.09838
188.657	-1.99794
285.195	-1.61081
219.464	-1.60404
205.033	-1.61241
205.464	-1.66223
266.876	-1.54314
300.495	-1.61022
497.977	-1.93175
921.511	-1.33716
915.69	-1.45516
788.123	-1.57132
735.514	-1.52668
728.567	-1.47789
656.62	-1.50525
478.128	-1.73254
250.141	-1.70692
72.2008	-1.90992
45.5227	-2.05692
42.8446	-1.95357
38.481	-1.82577
35.1741	-2.06606
28.055	-1.81486
28.9158	-1.79539
27.962	-1.80869
23.8993	-1.74655
23.5519	-1.64151
20.9313	-1.49646
19.3446	-1.58785
25.3407	-1.00954
86.9422	-0.906672
290.102	-0.783861
216.958	-1.45186
272.28	-1.55822
338.18	-1.52976
471.374	-1.34762
259.591	-1.84831
141.262	-1.83995
112.779	-1.88344
171.455	-1.47319
180.599	-1.75872
175.293	-1.64732
179.986	-1.61642
204.613	-1.63669
205.713	-2.06867
249.09	-1.91676
225.163	-1.83396
292.405	-1.66488
339.155	-1.71356
309.683	-1.76558
347.837	-1.65566
376.636	-1.61117
377.17	-1.54452
375.439	-1.54945
291.642	-1.90192
260.847	-2.17442
227.231	-2.34373
72.7261	-2.28764
56.0334	-2.19812
131.168	-2.06096
180.726	-2.09058
252.236	-1.96731
237.612	-1.82652
247.11	-1.64575
242.814	-1.40456
233.303	-1.31505
203.601	-1.42714
150.33	-1.41659
132.31	-1.48984
106.453	-1.67908
91.1899	-1.85102
90.4552	-1.7887
92.073	-1.97963
87.6635	-1.5275
105.654	-0.951141
110.615	-0.429327
110.368	-0.574988
99.7954	-0.434745
128.332	-0.270111
136.003	-0.220616
140.833	-0.152708
120.287	-0.0939967
132.488	-0.0263567
140.617	-0.280926
129.886	-0.504959
110.553	-0.325486
90.0616	-0.86165
330.868	-1.22346
891.137	-0.862546
956.426	-0.790664
838.496	-0.797749
734.159	-0.865639
550.852	-1.01394
382.66	-1.178
207.323	-1.23071
61.3196	-1.05021
39.6484	-1.01084
33.1926	-0.859564
29.9249	-0.923979
26.5511	-1.04911
28.3754	-0.812624
42.965	-0.182138
102.44	0.327218
179.884	-0.0654797
158.573	0.00881876
179.546	0.198713
160.8	-0.0752523
103.828	-0.392401
77.601	-0.709289
155.408	-0.27284
93.9318	-0.748071
376.969	-1.65769
676.803	-1.50989
629.681	-1.07491
431.773	-1.4053
460.737	-1.57692
519.942	-1.54963
613.962	-1.28444
646.862	-1.12887
721.277	-1.03282
649.046	-1.15062
161.59	-1.58911
57.5296	-1.61467
40.6369	-1.72748
37.0632	-1.53694
26.325	-1.40534
22.0529	-1.39336
67.1688	-0.687826
89.0134	-0.674558
100.05	-1.11147
326.155	-1.03203
485.056	-1.25974
458.174	-1.42835
655.303	-1.39316
804.787	-1.28858
334.681	-1.48714
458.38	-1.61243
273.457	-1.77995
151.115	-1.75264
144.5	-2.17531
97.7231	-1.89874
78.7701	-1.85914
96.9153	-1.87284
90.4356	-1.81207
71.4053	-1.79494
79.8089	-1.97637
50.8226	-1.68794
47.5702	-1.90479
47.7062	-1.96825
41.5833	-1.28572
53.3338	-0.909915
150.521	-0.565431
180.884	-0.275687
111.482	0.162852
99.6464	0.519707
120.796	0.378378
96.8704	0.0726539
76.1473	-0.281419
64.4052	-0.340234
81.4966	-0.619072
124.067	-1.22299
93.2707	-1.37467
110.165	-1.94775
138.548	-1.43342
86.1214	-1.5527
91.5005	-1.81415
65.4245	-1.35913
58.0081	-1.45796
58.6234	-1.49434
40.652	-1.62203
37.5873	-1.34713
34.6001	-1.53533
26.6968	-1.33237
25.0476	-1.17534
6.23972	-0.546232
7.99543	-0.656165
8.81435	-0.601051
9.97082	-0.402876
9.26572	-0.587717
8.58352	-0.41949
9.52734	-0.512813
9.30449	-0.474764
9.95236	-0.484678
8.96197	-0.486488
8.80581	-0.52767
9.76275	-0.406367
9.14213	-0.460719
9.5763	-0.44826
9.5934	-0.42354
9.37739	-0.2679
10.1373	-0.401871
10.4495	-0.448147
9.41062	-0.406401
9.81326	-0.570465
20.6001	-1.29388
29.5676	-1.49137
98.5468	-1.82447
182.001	-1.73012
207.262	-1.40608
266.929	-1.39741
273.177	-1.39763
264.233	-1.38391
251.515	-1.43758
230.65	-1.63532
548.175	-1.65347
537.921	-1.78912
488.504	-1.79998
478.69	-1.75939
364.019	-1.74035
257.068	-1.71129
156.402	-1.70066
79.7834	-1.82481
43.7603	-2.12715
31.8901	-2.06557
24.5824	-1.90084
22.1372	-1.48839
16.7347	-1.49904
15.7081	-1.40886
18.3202	-1.20137
62.4756	-0.561789
74.0257	-0.852041
51.5039	-1.19028
148.317	-1.43339
282.91	-1.27594
338.817	-1.16041
350.362	-1.22272
430.169	-1.13977
394.822	-1.41994
419.262	-1.53214
358.728	-1.77696
130.414	-2.19921
42.0945	-2.00681
34.0902	-1.72687
22.4712	-1.57067
19.713	-1.48426
28.8864	-0.941084
134.04	0.027562
167.156	0.517969
148.388	0.593909
109.053	0.167625
77.8613	-0.0917676
33.6822	-0.447662
17.5572	-0.694847
14.263	-0.706196
14.2114	-0.70171
11.6717	-0.680083
11.645	-0.596629
16.3238	-0.811436
20.2375	-0.777602
29.1796	-0.899918
34.8907	-1.28438
324.919	-1.53087
470.159	-1.40935
523.347	-1.43089
539.934	-1.36325
409.239	-1.47302
394.966	-1.33356
334.22	-1.25966
292.237	-1.1828
279.404	-0.907618
280.408	-0.207788
242.639	0.526517
237.592	0.54112
212.272	0.377926
188.409	-0.231027
138.126	-0.786552
143.801	-1.31358
164.633	-1.60323
170.339	-1.6538
165.658	-1.49001
149.457	-1.47653
153.358	-1.3241
147.657	-1.38508
155.591	-1.55815
198.598	-1.76526
82.7319	-1.96782
102.494	-1.8778
209.86	-1.45963
246.164	-1.63968
283.325	-1.8256
469.101	-1.41957
562.053	-1.23279
419.713	-1.64288
386.501	-1.74728
421.486	-1.68764
489.797	-1.69141
478.73	-1.80455
547.191	-1.60432
509.58	-1.65045
368.427	-1.86434
376.616	-1.75591
481.739	-1.50868
283.212	-1.91913
87.688	-1.72639
42.5954	-2.00648
41.3588	-1.92222
184.374	-1.63787
163.502	-2.00728
156.99	-1.93376
161.249	-1.80846
118.855	-1.9153
94.6378	-2.10974
94.0568	-2.14568
105.444	-1.78054
108.156	-1.6054
114.314	-1.47035
123.04	-1.24526
65.1983	-1.6992
49.6203	-2.003
29.8804	-1.25397
58.4394	-1.88092
30.0033	-1.6669
17.0046	-1.57525
17.1798	-1.48251
12.8403	-1.38186
12.5758	-1.32823
12.7692	-1.22182
14.3654	-0.86253
199.293	-0.843015
135.423	-0.990511
258.983	-1.26281
215.837	-1.59126
215.581	-1.81389
317.541	-1.80541
311.951	-1.88744
191.077	-1.98023
192.459	-1.74764
150.521	-1.75811
133.907	-1.75281
153.686	-1.87183
183.791	-1.78765
126.073	-1.77301
96.8197	-1.74132
85.0181	-1.84146
94.6074	-1.83489
130.183	-1.67415
139.39	-1.53083
149.602	-1.54867
130.909	-1.67596
124.738	-1.75074
134.246	-1.76987
116.383	-1.37531
141.94	-1.41803
124.65	-1.43424
118.651	-1.46565
128.994	-1.54614
128.408	-1.48615
178.08	-1.67823
200.78	-1.83178
202.139	-1.84927
252.189	-1.7738
301.396	-1.66588
273.358	-1.75447
246.115	-1.706
278.02	-0.943884
198.261	-0.379207
171.57	0.0758439
128.332	0.173715
95.5625	0.176813
77.6029	-0.52094
85.5276	-0.77648
108.144	-1.04135
131.881	-1.3961
145.075	-1.61593
206.951	-1.3235
212.075	-0.970298
168.391	-1.04304
159.832	-0.979642
122.475	-1.22914
42.8093	-1.78699
41.0163	-1.75351
47.5345	-1.72069
79.8055	-1.67564
119.232	-1.88495
149.788	-1.67104
136.849	-1.74007
152.053	-1.83398
257.881	-1.75932
213.676	-1.77641
129.555	-2.06556
128.512	-2.05425
124.082	-1.95723
148.028	-1.67724
112.037	-1.74278
114.253	-1.90795
104.742	-2.04905
71.9787	-2.09799
52.0372	-2.05491
54.4906	-0.95589
77.7535	-0.0540944
227.515	0.265548
193.583	0.473415
140.021	1.11297
141.558	1.03534
151.615	0.955288
134.621	0.798907
152.041	0.561137
147.331	0.433968
142.937	-0.711578
328.325	-0.389839
280.646	-0.784552
233.272	-0.844902
278.232	-0.863468
420.769	-0.881724
303.743	-1.58948
241.778	-1.57931
209.047	-1.66645
211.014	-1.74246
252.981	-1.63293
160.793	-1.99842
85.9156	-1.97674
71.9725	-1.72858
86.7542	-0.0175744
115.899	0.533904
106.129	0.443548
102.093	0.381003
91.9112	0.493545
79.5115	0.528896
71.5278	0.509713
55.6465	-0.089372
101.165	-1.57045
136.149	-1.55615
113.293	-1.83979
115.734	-1.80795
87.9287	-1.99694
80.6609	-1.96323
91.1692	-1.75285
91.1868	-1.63327
70.1535	-1.76098
50.4296	-1.81787
38.1314	-1.738
20.0979	-1.39918
12.5094	-1.45584
13.6697	-1.02018
137.455	-0.704658
247.509	-0.587768
145.005	-0.637616
135.885	-1.26506
393.356	-1.3638
491.293	-1.67108
277.463	-1.80624
258.678	-1.66127
92.8842	-1.08048
33.8875	-1.326
90.464	-0.974348
218.998	-1.01852
96.3712	-1.03121
22.5954	-1.03197
21.8392	-1.27965
28.9423	-0.929425
37.0003	-1.16221
118.315	-2.07399
195.686	-1.96862
229.024	-1.83985
428.75	-1.5562
285.94	-2.14508
241.112	-2.00113
221.484	-1.96781
204.778	-2.17888
249.443	-1.97429
116.674	-1.76369
92.9847	-1.88865
82.7174	-1.09811
99.9827	-0.143634
125.556	0.273899
135.523	0.691443
139.252	0.821329
152.544	0.876718
140.064	0.934697
128.527	0.948928
89.2208	0.286645
65.1042	-0.187182
72.4047	-1.08141
211.236	-1.41851
163.679	-1.52322
158.661	-1.62271
152.905	-1.92407
162.168	-1.6592
164.432	-1.59662
157.316	-1.67866
232.801	-1.76588
235.685	-1.74019
211.491	-1.51576
237.839	-1.69725
306.842	-1.59387
223.328	-1.39817
271.779	-1.43889
250.885	-1.52876
117.712	-1.51741
155.38	-1.68838
132.716	-1.67066
97.9057	-1.7737
101.02	-1.56934
74.2612	-1.53579
57.4819	-1.52502
63.206	-0.829021
48.3144	-1.25579
49.8583	-1.71873
36.0837	-1.22855
27.2853	-1.138
31.278	-1.13233
31.6629	-0.560035
51.6345	-0.589253
35.0156	-0.0768433
59.2837	-0.622991
123.41	-0.881715
94.9705	-0.19066
50.9883	0.416865
51.84	-0.0373191
