1.65172	0.226788
2.08926	0.38951
2.16002	0.360489
2.10211	0.423753
2.06372	0.50825
2.07127	0.396848
2.01636	0.401215
2.07227	0.471342
2.09507	0.345476
2.02825	0.447538
1.9375	0.357595
1.97836	0.374184
2.634	1.00626
3.40145	1.57592
3.29452	1.66795
3.40563	1.64255
3.95804	1.48129
4.20964	1.03821
4.17534	1.07535
4.23869	1.18323
4.36427	1.09335
4.77976	0.929712
5.4966	0.902669
5.98866	0.931747
6.2879	0.952279
6.4907	0.877605
6.54651	0.81314
6.55111	0.753726
6.62217	0.76856
6.64492	0.835832
6.48448	0.973163
6.23688	1.42924
6.23282	1.43686
6.23859	1.34197
6.29853	1.28684
6.3905	1.1266
6.37854	1.12892
6.23624	1.22251
5.87832	1.50382
5.59414	1.49074
5.3629	1.47316
5.04225	1.66895
4.47995	1.63475
4.48823	0.893412
4.61731	0.260441
4.89261	-0.154258
4.96211	-0.336759
5.24457	-0.290808
4.99747	-0.370297
4.77984	-0.271717
4.78541	-0.190699
4.68935	-0.0430663
4.70755	-0.182757
4.69367	-0.40206
4.74713	-0.560993
5.24696	-0.0793798
4.9508	-0.0178396
4.46787	0.478583
7.04313	0.522443
7.3569	0.385897
7.31	0.33763
7.2676	0.357682
7.15901	0.367488
7.10051	0.465434
6.87146	0.649141
6.26827	0.778492
5.09618	0.694914
4.28045	0.71483
4.04606	0.559565
3.7796	0.507908
3.60554	0.296988
3.51684	0.435134
3.34964	0.551706
3.22769	0.487712
3.11187	0.235035
2.95785	0.305471
2.92603	0.37247
2.80824	0.209217
2.55641	0.417385
2.54792	0.388713
2.37226	0.302175
2.22496	0.318968
2.42368	0.272547
2.39473	0.477939
2.2404	0.297611
2.27906	0.364494
2.11572	0.302086
2.21935	0.152703
4.31209	-0.446631
5.59842	-0.226309
5.94755	0.0544946
5.83732	0.516673
6.77308	0.442141
6.70119	0.696874
6.70729	0.768328
6.72999	0.846952
6.7649	0.908037
6.88537	0.815303
6.75873	0.748584
6.01113	0.927434
4.90206	0.622555
3.93919	0.943233
3.80034	0.899292
3.56469	0.772673
3.46429	0.923278
3.15011	1.11273
3.08703	0.982003
2.89101	0.92404
2.78448	0.988249
3.1735	0.870221
3.32192	1.29537
2.69291	0.923171
2.59216	0.764386
2.53143	0.759634
3.04929	1.01367
4.24768	1.60134
6.04286	1.21798
6.27083	1.23763
6.37621	1.22123
6.46622	1.22193
6.53043	1.22008
6.98198	1.08787
6.87421	0.994628
6.506	0.956795
6.25026	1.03258
5.86817	1.41859
5.58362	1.80097
5.59309	1.75877
5.31211	1.89617
5.15857	1.9858
5.25326	2.02126
5.37715	2.00261
5.00067	2.08657
4.68053	2.03985
4.40109	2.10255
4.31664	1.89348
4.44731	0.779453
4.46553	0.187819
4.35592	-0.11307
4.50145	-0.173605
4.69323	-0.145195
4.72866	0.00880604
4.77454	0.186411
4.96587	0.792071
5.43676	1.05462
6.27202	0.974304
6.82993	0.852173
6.2323	1.2256
6.03943	1.2778
5.96838	1.57795
5.57832	1.55264
5.1189	1.55026
5.37507	1.48597
5.33235	1.59931
4.91648	1.57837
5.01671	1.56043
5.27602	1.58507
5.03711	1.54975
4.79539	1.48608
5.25563	1.42415
5.11935	1.56528
4.81229	0.993509
4.66064	1.25801
4.01527	1.45477
3.4181	1.63817
3.40149	1.62544
3.53614	1.68139
3.8713	1.26935
4.39885	1.37331
4.8494	1.20716
5.23194	1.10236
5.7429	1.00094
5.66775	1.35675
5.65682	1.23123
5.43328	1.17936
5.64848	1.28982
5.69172	1.1874
5.10831	1.19082
5.22215	1.16
4.99346	1.5724
4.42069	1.43339
4.43286	1.41378
4.64585	1.51537
4.22216	1.56453
4.19763	1.56602
4.41895	1.79947
4.30266	1.70259
4.35434	1.6817
4.63963	2.08492
3.89518	1.62245
4.02582	1.6074
3.77592	1.28018
3.58042	1.27851
3.51145	1.38073
3.44355	1.61679
3.28993	1.14995
3.2904	1.24296
3.50167	1.49937
3.18732	1.27008
3.09101	1.51221
3.19934	1.47381
3.0552	0.972897
2.96282	0.953323
3.02892	1.02559
2.84243	1.20844
1.51376	0.393108
1.84968	0.644536
1.9473	0.325636
1.80846	0.370616
1.82563	0.358342
1.76448	0.436922
1.81439	0.517822
1.89108	0.502997
1.85041	0.258014
1.9086	0.407253
2.15332	0.458292
2.19171	0.973745
4.18526	1.65487
4.62212	1.72822
4.94784	1.71537
4.98103	1.67856
5.21671	1.65896
5.49591	1.54067
5.58591	1.53214
5.67987	1.40326
5.66024	1.4445
5.69969	1.47033
5.79083	1.41486
5.85913	1.3943
5.93391	1.35158
5.94132	1.39996
5.96838	1.40569
6.10934	1.40449
6.4628	1.40416
6.72468	1.28441
6.79815	1.18712
6.7658	1.2699
6.80519	1.22792
6.75547	1.23724
6.82332	1.20157
6.84783	1.17664
6.80906	1.17575
6.78962	1.20358
6.80032	1.15903
6.81283	1.21676
6.69312	1.33471
6.23266	1.86048
6.15263	1.72063
6.0243	1.77676
5.49349	1.99974
5.91877	1.74471
5.79028	1.94875
5.87387	1.85898
5.8689	1.77025
5.68914	1.78491
5.68457	1.80004
5.53588	1.9369
5.46636	1.95813
5.39702	2.07902
5.36811	2.00082
5.34335	1.94727
5.21865	1.88066
4.73735	1.93936
4.21469	1.87115
3.91229	1.75694
4.12455	1.13608
4.3174	0.813445
4.33568	0.231835
4.74968	-0.44608
4.56712	-0.710773
4.48291	-0.679191
4.54644	-0.636993
4.60891	-0.828912
4.7314	-1.00878
4.96488	-0.984826
4.74543	-0.467481
4.55873	-0.0188136
3.9488	0.462886
4.17321	1.41053
5.26521	1.43421
5.16838	1.48587
4.7667	1.52279
4.45377	1.59481
4.62733	1.03019
4.64878	0.412316
4.69758	0.110726
4.8714	0.013656
4.66994	0.0912816
4.79343	0.0493762
4.74309	0.18627
5.00153	0.109467
4.73552	0.135809
4.54634	0.346494
3.77217	0.542266
4.94168	1.25678
6.66234	1.10174
6.31143	1.40238
6.21958	1.42907
6.20613	1.32663
6.04183	1.41739
6.03029	1.3918
6.10791	1.33062
5.77103	1.54204
4.3664	1.94632
3.70665	1.63188
3.82797	1.71252
4.41087	0.667476
3.67087	0.915401
3.13307	1.32801
2.85833	1.39727
2.79337	1.26199
2.77326	1.14026
2.8025	1.12312
2.46288	1.16054
2.50092	0.802931
2.35858	0.73115
2.28603	1.02852
2.39983	1.01648
4.20046	1.05687
3.96048	0.809901
4.24527	1.09071
3.75685	0.978328
5.07982	1.48193
6.16154	1.57713
6.16617	1.99903
5.80726	2.15395
4.8039	1.94697
3.91821	1.93447
3.4544	2.01813
3.28716	1.79411
3.07076	1.85993
2.88507	1.66379
3.59055	0.881676
3.9684	0.456067
3.40426	1.06489
4.53789	0.834354
4.78758	0.384102
4.64466	1.28969
2.88487	1.28044
2.93294	0.768582
3.62449	1.00712
4.32081	1.98171
4.1502	2.27516
4.27635	2.2776
4.29364	2.39014
4.0479	2.60981
3.99213	2.35825
3.89058	2.21257
3.80774	2.14689
3.97633	2.05887
4.3104	2.03795
4.45889	1.80579
4.66224	1.69146
5.16654	1.56658
5.2419	1.57247
4.85431	1.65716
4.64499	1.65959
4.67989	1.76385
3.6837	1.53133
2.72542	1.52313
2.7243	1.60621
2.61115	1.3731
2.56059	0.904807
4.39852	0.0112376
4.45577	0.0966088
4.24877	0.294165
5.25012	1.23622
5.24209	1.4565
4.9226	1.37539
5.13262	1.35051
5.10025	1.77614
4.97945	1.59141
4.68186	1.6348
5.04326	1.59929
5.0607	1.6918
4.65881	1.69477
4.78994	1.70759
4.62086	1.50161
4.48489	1.25209
4.65314	1.3925
4.88416	1.45942
4.4471	1.25506
4.42809	1.4139
4.84535	1.14774
4.50842	0.986714
4.71235	0.96515
4.98722	0.863594
4.22288	0.879029
4.56831	0.913004
4.16785	1.40941
3.49191	1.44594
3.60077	1.47277
3.45474	1.42691
3.06512	1.45117
3.03222	1.49212
3.0806	1.49605
2.75938	1.14547
2.69654	1.17022
2.67805	1.28738
2.63103	1.27865
2.53724	1.05265
2.61214	1.00041
2.57789	1.08819
2.44391	0.930174
2.46345	1.04981
2.2705	0.876629
2.44923	0.660672
2.37463	0.614148
2.241	0.718665
2.30945	0.760208
1.77687	0.571352
1.82561	0.249914
1.85424	0.492053
1.78424	0.294598
1.76976	0.361674
1.78122	0.389042
1.8394	0.295049
1.82689	0.332058
1.74535	0.299843
1.69765	0.284332
1.78173	0.283441
1.87079	0.154728
2.79167	1.13657
4.51119	1.76359
4.58286	1.47956
4.93811	1.5213
5.35697	1.44101
5.79211	1.16067
6.24433	0.852198
6.31606	0.837069
6.28456	0.921447
6.28926	0.938292
6.20029	1.02319
6.30957	1.13458
6.68828	1.19685
6.84512	1.17506
6.8497	1.13377
6.75891	1.16687
6.70051	1.18811
6.49774	1.25605
6.38805	1.31151
6.21991	1.25938
5.83795	1.27147
5.17814	1.34053
4.73507	1.38567
4.32944	1.55595
4.25043	1.65935
4.45473	1.57147
4.67368	1.40776
5.50727	0.93294
6.50765	0.707536
6.8535	0.58347
6.92107	0.404272
6.83396	0.395881
6.58943	0.679043
6.6523	0.685251
6.58929	0.857622
6.55569	0.939786
6.35344	1.16227
5.7471	1.56127
5.33977	1.83175
5.3633	1.84389
5.64028	1.57664
5.72721	1.52469
5.73377	1.5428
5.80009	1.49152
5.88475	1.42747
6.48141	1.10488
6.73829	1.04117
6.77381	1.08823
6.72507	1.17088
6.69022	1.18069
6.58608	1.29376
6.42611	1.48671
6.0738	1.66063
5.90318	1.45297
5.79637	1.45021
5.69313	1.5576
5.66102	1.42863
5.55289	1.49415
5.37562	1.51539
5.24207	1.56039
4.89026	1.70296
4.37662	2.00695
4.08009	1.85536
3.67898	1.83965
3.14998	1.6196
2.97775	1.56266
2.57481	1.20571
2.49906	1.25508
2.54231	1.26802
2.40309	1.16546
2.30246	1.16004
2.25815	0.817061
2.06379	0.843748
2.11959	0.859617
2.02046	0.691741
1.9303	0.615244
1.99987	0.507932
1.92917	0.520307
1.86949	0.368269
2.58969	0.244725
5.05447	0.214769
6.14591	0.933301
6.62804	0.921929
6.46534	0.991938
6.36512	1.07721
6.42948	1.04262
6.21559	1.16789
5.00561	1.32793
5.08586	1.14724
5.15663	1.32125
5.11425	1.73302
4.15052	1.67859
3.56355	1.52969
3.14379	1.32916
2.93256	1.0494
2.83877	0.992311
2.84352	1.09068
4.58132	0.503504
4.71688	0.543511
3.6515	0.441299
4.17608	0.664152
4.26195	0.606393
6.1634	0.869111
6.25297	1.17639
6.05819	1.51408
5.42848	1.75467
4.99507	1.87642
5.31601	1.67284
5.38765	1.63761
5.37259	1.63338
5.20119	1.71675
5.20302	1.70837
5.45304	1.71427
6.03589	1.57736
6.15207	1.48141
5.96823	1.4725
5.93132	1.31552
5.85979	1.32115
5.84518	1.39506
6.01772	1.16311
5.98351	0.974773
5.77407	0.778676
5.41209	0.794265
5.18613	0.768834
5.17652	0.745256
5.31291	0.686983
5.48572	0.245743
5.67209	0.318527
5.93229	0.328428
6.02224	0.39723
6.13098	0.535642
6.25698	0.639587
6.45502	0.790117
6.28747	1.22356
5.74696	1.59322
4.98994	1.55756
4.29328	1.63261
3.70843	1.49965
3.59421	1.32997
3.29455	1.42841
3.24563	1.43628
2.99006	1.2891
3.04966	1.12893
2.80724	1.01496
2.68781	1.00971
4.76467	0.320013
5.32967	1.17252
5.52206	1.56125
5.08561	2.23015
4.23005	2.19817
5.11745	2.21257
5.52782	1.97455
5.55424	1.61505
5.14534	1.92627
5.30937	1.57361
5.23803	1.43001
4.92243	1.62423
4.73532	1.50863
4.54249	1.5202
4.44527	1.47466
4.28036	1.33078
4.06204	1.41257
3.72654	1.60674
3.5143	1.733
2.86579	1.76355
2.51523	1.71096
2.35165	1.53727
2.36252	1.3905
2.33868	1.46499
2.23035	1.28418
2.31095	1.16142
2.26523	1.08572
2.10616	0.962677
4.28066	0.2573
5.02031	0.602616
3.33036	0.93872
3.46636	1.64791
3.67315	1.55594
3.75384	1.34911
3.64515	1.63984
3.58114	1.84425
3.62928	1.54866
3.2975	1.5515
3.41703	1.5691
3.46115	1.42827
3.09979	1.65087
3.03461	1.7207
3.23805	1.90216
2.94129	1.66893
3.12468	1.65812
3.29386	2.14806
3.83444	2.05694
3.9032	2.22534
4.18265	1.81863
4.05092	1.22013
4.26553	0.79141
4.32287	0.781349
4.16035	0.750212
4.62147	0.690331
4.56061	0.746966
4.17773	0.495639
4.93664	0.0736991
4.85462	-0.117162
4.50267	-0.181488
4.84109	-0.146487
4.03159	0.172133
4.08184	0.198282
3.92575	0.283705
3.12772	0.311271
2.86726	0.254426
2.51664	0.235693
2.16627	0.243419
2.15316	0.417002
2.09446	0.344769
1.98091	0.268109
2.06676	0.421579
1.96713	0.491731
2.417	0.585119
1.64132	0.401687
2.03273	0.396559
1.90927	0.266549
2.04646	0.446904
2.05126	0.466738
2.04994	0.463595
2.09613	0.546682
2.0058	0.341622
2.28975	0.7271
4.2575	1.86284
5.06502	1.45223
5.29921	1.52749
5.23673	1.91862
5.24597	1.92907
5.29007	1.86665
5.3644	1.77823
5.47168	1.66706
5.71384	1.29716
5.81064	1.16871
5.80345	1.16124
5.68842	1.2399
5.6212	1.16134
5.52243	1.26369
5.30331	1.37572
5.1031	1.3599
4.44659	1.50348
3.91563	1.74948
3.44467	1.55
2.96075	1.19681
2.68052	1.26617
2.49717	1.06775
2.5595	1.03186
2.33909	1.02176
3.26938	0.902586
3.0841	0.944379
3.9762	1.04505
2.70653	0.92345
3.24375	1.22691
3.90469	1.62679
3.34794	1.58393
3.43136	1.24581
4.5007	1.06016
4.31222	1.23539
4.73071	1.46592
5.19608	1.46989
5.43967	1.30768
5.51246	1.31255
5.53306	1.36779
5.51041	1.39349
5.4099	1.61876
5.43265	1.56825
5.44332	1.52596
5.25134	1.59793
5.00554	1.67778
4.80949	1.68864
4.73637	1.72526
4.62928	1.84109
4.66695	1.73438
4.47248	1.54536
4.54432	1.82403
5.7464	1.13005
6.28932	1.0564
6.4112	1.0367
6.335	1.15572
5.61932	1.66649
5.90603	1.59204
6.38528	1.38697
6.57196	1.35299
6.5871	1.36337
6.66034	1.21607
6.68309	1.21146
6.66863	1.14251
6.66977	1.10545
6.61281	1.18306
6.57961	1.13816
6.48693	1.29248
6.38243	1.37577
6.31417	1.38238
5.91512	1.56309
5.30074	1.31363
4.75015	0.398519
4.6879	0.0760759
4.5878	-0.284275
4.63918	-0.201751
4.76956	-0.232176
4.51187	-0.0431403
4.37524	0.35996
4.47089	1.33884
4.07175	1.38612
3.02672	0.622213
2.7228	0.69471
2.76599	0.552126
2.68732	0.479873
2.4941	0.386218
2.4814	0.639727
2.32772	0.516491
2.32764	0.732457
2.18539	0.480466
2.16268	0.386663
2.12692	0.509434
2.00807	0.483353
2.01953	0.428185
2.11479	0.402807
2.03907	0.464381
3.91301	1.208
6.27585	1.24874
6.08558	1.39542
6.24427	1.55789
6.39726	1.97641
6.73819	1.53952
6.74355	1.40285
6.51187	1.45078
6.33148	1.35825
6.06909	1.4062
5.71802	1.77945
5.59839	1.88112
5.22952	1.96782
5.09934	2.05187
4.98601	2.23657
4.93134	2.31406
4.78891	2.28469
4.52112	2.352
4.56426	2.18631
4.76885	1.95534
5.15781	1.70811
4.96532	2.02485
4.90729	2.0378
4.90329	2.00537
5.09958	1.96344
5.42304	1.65388
5.49077	1.52352
5.55213	1.55538
5.55066	1.61077
5.69914	1.33994
5.79121	1.32161
5.86618	1.24777
5.81907	1.10054
5.4682	1.39717
5.05431	1.46653
4.24217	1.55268
3.90998	1.54501
4.87829	1.02822
5.78612	0.212729
5.77727	-0.0662306
5.11817	-0.427854
4.9826	-0.847522
4.8638	-0.85926
4.98935	-0.744706
5.03769	-0.701537
5.03663	-0.851961
5.08817	-0.908962
4.95511	-0.780885
4.74421	-0.684353
4.3811	-0.317752
3.94914	-0.0242449
5.07189	0.195657
5.44477	0.0199643
5.83295	0.295407
5.96987	0.491767
5.60108	1.28311
5.53903	1.69044
5.39175	1.71926
5.28004	1.69734
5.299	1.73876
5.27292	1.84527
4.99556	1.76272
4.34875	1.7643
4.10348	1.73184
3.68796	1.4368
2.87795	1.20409
2.61799	1.35042
2.49975	1.33353
2.65594	0.916593
2.51409	0.819964
2.45739	0.706815
2.2104	0.933339
2.6085	0.676598
5.16209	1.07931
5.96838	1.00984
6.01121	0.974028
5.7243	1.16168
5.93951	0.943221
5.82331	1.26469
6.00434	0.980437
5.80486	0.889657
5.52302	1.01921
5.50141	1.49117
5.67796	1.19346
4.79185	1.15046
5.22753	0.253482
5.63145	-0.57468
5.57959	-0.890966
5.55762	-1.12858
5.52911	-0.966482
5.11119	-0.848772
5.24054	-1.06619
5.2966	-1.33787
5.30779	-1.42194
5.08663	-1.18979
4.80493	-1.03097
4.52349	-0.765637
4.51953	0.312214
4.83521	0.465864
5.40399	0.336089
5.39355	0.644925
5.0148	0.76082
5.41837	1.04816
5.27706	1.03204
4.98886	0.894757
5.3888	0.895807
4.48143	1.24578
4.14817	1.28829
4.25778	1.19371
4.09199	1.13361
3.95508	0.960177
3.91697	1.24012
3.58821	1.17697
3.89872	1.183
3.40779	1.09787
3.16916	1.2619
3.01058	1.36322
3.00833	1.19266
2.70278	1.07891
2.59677	0.899131
2.47356	0.976432
2.49228	0.824182
2.44645	0.732875
2.25135	0.538905
2.29646	0.74373
2.24056	0.526326
1.62217	0.361125
2.11449	0.499421
2.02256	0.453824
2.10875	0.494148
2.05756	0.45319
1.98874	0.481487
2.01652	0.30942
2.16777	0.216366
2.34586	0.316696
2.08157	0.271897
2.01769	0.453508
2.06027	0.621211
4.9543	1.60646
6.13887	1.37693
6.02533	1.35903
5.93037	1.38384
5.85058	1.40999
5.80452	1.50669
5.92378	1.5274
5.63605	1.79316
5.42026	1.77866
5.47214	1.74289
5.43276	1.85637
5.6437	1.96316
5.06384	2.15225
4.91392	2.15635
5.07138	2.18979
5.12784	2.19845
4.95641	2.01735
5.23829	1.77659
5.02239	1.89816
4.85365	2.20017
4.89902	2.29905
4.97659	2.30473
4.99219	2.04324
4.79493	2.2672
4.90975	2.12084
5.81441	1.71004
6.07723	1.88648
6.21344	1.81828
6.36144	1.66097
6.37008	1.72603
6.53347	1.49768
6.67853	1.36904
6.77519	1.26895
6.72532	1.32182
6.54562	1.56876
6.46996	1.66534
6.33571	1.84241
6.06142	2.10013
5.74233	2.08238
5.79164	1.99936
5.62856	2.17456
5.8707	1.91888
5.95421	1.73785
5.99146	1.63494
5.65768	1.75889
5.47236	1.96756
5.38767	1.86453
5.22457	1.86448
5.09768	1.80217
4.53754	2.04908
4.2103	2.02933
3.85016	1.97888
3.51398	1.89872
3.36287	1.81708
3.21687	1.66129
3.12393	1.63261
3.26241	1.35579
3.05227	1.28397
2.70825	1.30875
2.61622	1.24711
2.43723	1.07433
2.40039	1.05962
2.27056	1.03791
2.24817	0.864181
2.22014	0.741386
2.22552	0.777069
2.21711	0.577372
2.1955	0.605499
2.09213	0.575055
2.03451	0.556271
2.09174	0.468179
2.01112	0.5699
2.02406	0.636811
2.08112	0.533566
2.06956	0.374854
2.01158	0.404784
2.03485	0.314842
2.06658	0.462698
2.03109	0.363682
2.00695	0.268182
1.99188	0.386403
2.08518	0.599989
2.09904	0.318941
2.01899	0.259937
3.62024	0.748844
5.1033	0.839533
5.09319	0.673467
5.21497	0.799938
6.32589	0.745205
6.06448	1.14753
6.08021	1.27281
5.95848	1.36181
5.96168	1.45291
5.8903	1.50142
5.72273	1.51088
5.02414	1.67151
4.92897	1.9466
5.31716	2.15042
5.81624	1.78545
5.62768	2.08876
5.77262	1.86757
5.74194	1.80152
5.76643	1.84193
6.213	1.74642
6.20095	1.66071
6.08116	1.64157
5.95721	1.69855
5.80973	1.73025
5.81202	1.60653
5.71974	1.5592
5.49193	1.72985
5.47265	1.59651
5.27871	1.60198
5.2988	1.4885
5.44213	1.40149
5.67638	1.34433
5.81417	1.3508
5.82556	1.40397
5.60779	1.47043
5.69088	1.47742
5.93094	1.41578
5.6282	1.51116
5.23864	1.64228
5.47821	1.61093
5.90814	1.28211
5.68513	1.22547
5.89466	1.17889
5.9629	1.08196
5.46932	1.07565
5.27612	1.2196
4.99466	1.51998
4.13468	1.87149
4.31291	1.90489
4.30214	1.61075
3.77917	1.56695
3.62304	1.54785
3.567	1.33354
3.51077	1.0836
3.22908	0.947504
2.9716	1.01298
2.83181	0.849097
3.0886	0.716793
3.31052	0.570215
3.23182	0.567355
3.9831	0.555667
4.99137	0.426205
3.95759	-0.453122
4.01162	-0.590391
4.16513	-0.510761
3.83516	-0.700591
4.09192	-0.623799
4.09831	-0.747816
4.14108	-0.721603
3.96134	-0.812016
3.71664	-0.640023
3.60576	-0.618827
3.54329	-0.502949
3.13989	-0.362737
3.01024	-0.138048
2.65346	0.108076
2.42518	0.427964
2.28953	0.357195
2.10534	0.494401
2.37372	0.122742
2.3416	0.327995
2.1676	0.436321
2.15776	0.530645
2.16537	0.430963
1.62047	0.848917
1.92134	0.434051
1.92449	0.441327
2.00752	0.715964
2.03564	0.777261
2.22996	0.361083
2.13924	0.424222
2.03442	0.36836
1.96266	0.441183
2.69164	-0.0244409
2.83712	-0.287988
3.23905	-0.775159
3.64325	-0.734977
3.90297	-0.745296
4.35436	-0.818337
4.40597	-0.802032
4.31549	-0.503672
4.08242	-0.886857
4.31891	-0.436346
4.57346	-0.312158
4.9244	-0.534894
5.08057	-0.324745
4.54829	0.13047
4.81658	1.53747
6.28479	1.90691
6.37597	1.68267
6.43292	1.35469
6.58988	1.49465
6.16059	1.73561
6.43962	1.55344
6.38874	1.48142
6.10665	1.54038
5.9942	1.54264
5.84912	1.52551
5.71919	1.64893
5.47326	1.78025
5.64087	1.50233
5.45581	1.45103
5.40709	1.45149
5.32904	1.34087
5.22419	1.30413
5.15466	1.45753
5.11851	1.48406
5.11309	1.77235
5.06783	1.7238
4.72777	1.87241
4.17473	1.82329
3.29082	1.83077
2.96651	1.68621
2.81012	1.46508
2.44572	1.32094
2.37403	1.33281
2.3695	1.31139
2.39232	1.30967
3.94489	0.917557
5.16806	0.879948
4.34232	1.17061
5.23202	1.56498
4.97665	1.31424
5.14747	1.05032
5.40317	0.821296
5.49391	1.30231
5.78715	1.12311
5.60087	1.2515
5.87715	1.01979
5.85285	1.07102
5.87182	1.15479
5.98834	1.13726
6.07284	1.19984
6.16277	1.05832
6.18788	1.2668
6.37048	1.10274
6.32616	1.15135
6.11235	1.63632
5.82545	1.8393
5.27005	1.36294
4.44698	1.54305
5.06845	1.30051
5.55261	1.41879
5.1618	1.74139
4.54158	1.02128
3.32573	1.26152
3.00106	1.1181
3.27183	0.999539
3.49885	0.887656
3.11256	0.677437
4.05462	1.1069
4.99883	0.966024
4.69449	0.309366
3.69233	0.914815
3.03371	1.29517
2.28377	0.846178
2.3112	0.708805
2.32254	0.657602
2.23047	0.549535
2.2018	0.50875
2.22133	0.631812
2.08671	0.608479
2.00498	0.574856
2.01207	0.62742
2.03121	0.614881
3.86388	0.335065
4.13883	0.784891
2.26454	0.957286
2.65047	0.224972
3.83846	0.0993754
4.08024	0.352152
4.11081	0.132338
4.29379	-0.146538
4.16694	-0.0478971
4.11589	-0.173346
4.05487	0.200571
4.13991	0.116972
4.44753	0.0636994
4.92637	0.166372
5.22085	0.517647
5.55692	0.600825
5.87663	0.653745
6.11202	0.667125
6.38121	0.710412
6.47249	1.12091
6.80665	1.18788
7.05795	1.25483
6.99049	1.27142
6.53757	1.40456
5.07978	1.44179
4.42751	1.03977
4.35978	0.635375
4.57398	0.46805
4.57294	0.261721
4.48423	0.440758
4.77604	0.308503
4.77093	0.577006
4.38935	0.611533
4.13294	0.652704
5.33654	1.19646
6.33348	1.20453
6.47637	1.12239
6.31303	1.08865
5.78696	1.29218
4.85613	1.34533
3.86531	1.24624
3.43263	1.35124
3.279	1.50169
3.11612	1.52913
3.25272	0.70502
4.98046	0.178801
4.86796	0.0802514
3.964	0.471515
4.40407	1.14517
4.96393	1.23262
4.79787	1.40647
4.25885	1.95809
4.19073	2.00757
4.1305	1.82174
4.4283	1.68797
4.83895	1.56845
4.99452	1.4722
4.93064	1.42153
4.66035	1.56207
4.64641	1.60836
4.65289	1.46435
4.01332	1.68611
3.71484	1.65991
3.36254	1.68254
2.88992	1.44211
2.498	1.17844
2.59144	1.00106
2.51548	0.913553
3.46369	0.659186
5.35729	0.724613
4.95621	1.14422
5.06782	1.35374
4.98494	1.12688
4.93319	0.853156
4.80259	0.826727
4.88746	0.379257
5.42802	0.378797
5.03907	0.499279
4.83388	0.478502
4.78257	0.396848
4.90701	0.284518
4.89212	0.215734
4.84313	0.0733097
4.88139	-0.0536676
4.84378	-0.144118
4.88359	-0.118028
4.96683	0.235755
5.49687	0.616932
5.63852	0.377358
5.37456	0.611515
5.11759	0.932306
4.71611	0.907184
3.09485	0.664643
3.01366	0.595534
2.86793	0.637397
2.5796	0.437987
2.56067	0.475753
2.48358	0.737441
2.43606	0.945948
2.32764	0.768569
2.48358	0.703394
2.22666	0.73722
2.1813	0.55057
2.81013	0.692767
4.09032	1.25042
4.23333	1.66104
4.54754	1.49094
4.55813	1.60663
4.39448	1.70843
4.68836	1.63462
4.94365	1.60356
4.63314	1.9367
4.59138	1.43833
4.7092	1.35542
4.87827	1.26032
4.99408	1.13775
4.97801	1.06836
5.40373	1.1717
5.23508	1.11519
5.30638	1.10522
5.42278	1.07786
5.41161	1.07326
5.4574	0.979447
5.48191	0.845924
5.43907	0.796386
5.1155	0.869765
4.87925	1.12903
4.59144	1.26602
5.00855	1.2088
4.95723	1.09245
4.25383	0.806069
3.58594	0.896066
2.74996	1.09123
2.73649	1.30149
5.40916	0.34543
5.36613	0.540144
5.00473	0.259925
4.67987	1.16965
5.81153	1.23974
5.90586	1.2678
5.82128	1.44561
5.66408	1.79002
5.59031	1.69566
5.28697	0.712084
4.66441	0.60977
4.4901	0.130548
4.5014	-0.31211
4.65513	-0.293524
4.29084	0.499245
3.67736	1.17693
3.64825	1.60113
3.43129	1.62137
3.3882	1.64901
3.70626	1.55877
3.79665	1.35768
4.1338	1.48561
4.14585	1.27606
4.17416	1.19959
4.41447	1.10399
4.66087	1.01226
4.24029	0.708659
2.96648	1.02924
2.47848	1.12281
2.17814	1.09463
2.39922	1.08991
2.74718	0.584982
4.77229	-0.337086
4.53873	-0.803725
5.01139	-0.428484
4.79953	-0.816983
4.65801	-0.417894
4.26331	0.160061
5.02081	1.32955
5.49119	1.27867
5.51316	1.43769
5.29938	1.57282
5.56851	1.51028
5.34474	1.62198
4.9247	1.90056
4.80688	1.93177
4.26311	1.61983
3.49133	1.51775
2.74364	1.34195
2.8565	1.14833
2.73848	0.939401
2.35238	1.03946
2.92938	1.04144
4.85595	0.767378
3.72674	0.661101
3.28682	0.789424
2.83096	0.888281
3.05561	1.01544
4.34097	1.51919
5.33178	1.38913
4.40765	1.42496
5.01689	2.22
4.50278	2.1796
4.55971	2.32098
4.49802	2.38994
4.53353	1.67122
4.64803	2.11556
4.27538	1.9499
3.78589	1.89874
3.98053	1.69825
3.06226	1.55526
2.9946	1.24382
3.52909	0.603853
3.88155	-0.350287
3.84106	-0.568077
3.68377	-0.852203
3.69162	-0.870981
3.68109	-0.969744
3.79222	-1.0131
3.85614	-1.20221
3.8395	-1.07047
3.6692	-1.0639
3.67647	-1.02112
3.72533	-1.03029
3.67454	-0.799413
3.60904	-0.785176
3.50902	-0.517672
3.66009	-0.517977
3.45808	0.0633741
2.97306	0.176301
2.6995	0.452985
2.44824	0.675946
2.32907	0.515674
2.21447	0.507051
2.11929	0.341456
1.85048	0.73309
2.20331	0.403557
2.12891	0.579071
2.31582	0.488045
2.2925	0.547547
2.28301	0.674727
2.14568	0.63506
2.16301	0.442007
2.23	0.492293
2.18545	0.417633
2.99298	1.24152
3.20891	1.34025
2.75023	1.14398
2.94313	1.31016
2.86187	1.27553
2.84001	1.35856
2.909	1.31878
3.5778	1.56721
3.49889	1.74979
3.50154	1.57336
3.72708	1.81214
3.94748	1.70329
4.33828	1.58691
4.82136	1.41874
5.24596	1.24431
5.57308	1.30985
6.09512	1.27463
6.14948	1.51301
6.36104	1.62434
6.60981	1.28988
6.66575	1.22184
6.70239	1.22838
6.73404	1.27765
6.75473	1.36683
6.75881	1.34872
6.72201	1.5284
6.47723	1.50273
6.14071	1.70676
5.72757	1.92393
5.38151	2.02115
5.35392	2.12516
5.45179	2.03002
5.36741	1.9844
5.25509	2.0923
5.24943	2.1193
5.01309	2.3501
5.00854	2.18032
4.89309	2.23068
5.19605	1.81809
5.51791	1.47846
5.88644	1.33366
6.16441	1.17594
6.21454	1.18527
6.26719	1.17078
6.43578	1.14438
6.26555	1.4959
6.37275	1.45478
6.41872	1.5195
6.33396	1.7731
6.21697	2.08566
6.20173	2.16106
6.2858	2.08754
6.33127	2.11977
6.40256	2.06917
6.38475	2.12473
6.36095	2.04717
6.19895	2.07342
6.35963	1.73997
6.19308	1.58725
6.05059	1.61859
6.00326	1.51139
5.65058	1.53637
5.27782	1.83172
5.47184	1.47995
5.30555	1.20272
5.16863	0.483727
5.81577	0.188036
5.58128	0.279329
5.65206	0.412119
5.19519	-0.223753
5.05217	-0.278952
5.18029	-0.326367
5.07016	-0.584649
5.00737	-0.671329
5.04078	-0.752737
5.12692	-0.68168
5.06261	-0.534194
5.13098	-0.208286
4.88335	-0.285835
4.62248	0.0403388
5.16824	0.793166
6.30533	1.26913
6.57808	1.1303
6.30918	1.0407
6.28687	1.22746
6.04891	1.16322
5.93692	1.37571
5.52077	1.41746
5.27255	1.58655
5.09931	1.8222
4.97211	1.77214
5.1039	1.65323
5.0965	1.67366
5.05769	1.97506
4.7314	1.02642
5.06583	0.258553
5.26507	-0.292042
5.41519	-0.478051
5.46774	-0.734425
5.37038	-0.966582
5.39883	-1.0136
5.37408	-1.09546
5.45339	-1.04844
5.54574	-1.23012
5.52981	-1.18576
5.2534	-1.01694
4.85254	-0.189257
4.61359	0.409596
4.94376	0.63598
6.50478	1.34827
6.1604	1.32638
5.99555	1.35278
6.06381	1.34061
5.98568	1.30596
5.65484	1.26292
5.03109	1.32917
4.74864	1.45677
4.699	1.37068
4.70144	1.47359
4.53924	1.36571
4.61854	1.31732
4.9584	1.28853
5.21201	1.31121
5.27441	1.58399
5.27022	1.50136
5.45995	1.4611
5.43849	1.87563
5.72062	1.53747
5.50636	1.67715
5.14762	1.757
5.16614	1.65076
5.26918	1.8318
5.38849	1.68115
5.09588	1.87687
4.79552	1.94587
4.63622	1.9936
4.77364	1.94472
4.62259	1.89594
4.46877	1.84252
3.51784	1.78048
3.0112	1.57824
2.89534	1.18746
2.68726	1.2597
2.54317	1.22661
2.48303	1.13245
2.35561	1.07105
2.3271	0.992539
2.29693	0.945906
2.38259	0.820104
2.37444	0.839296
2.36226	0.79971
4.92398	0.951953
5.97516	0.277
4.93844	0.351761
4.82679	1.54702
5.52207	1.40308
5.18771	1.60089
4.98461	1.87512
4.98962	2.17408
4.59018	2.02456
3.25818	1.66893
3.73163	1.23135
4.99695	1.46651
5.37091	1.2855
4.7127	1.67103
3.4992	2.0706
4.55891	1.41348
4.74609	1.691
5.28008	1.711
5.42992	1.93783
5.48282	1.96248
5.37888	1.99669
4.99516	1.91384
5.26755	1.86291
6.35449	1.4045
5.82646	1.84669
5.62599	1.80491
5.85496	1.79011
5.99877	1.61872
5.94545	1.66397
5.46013	1.73934
5.33359	1.83024
4.73223	1.87973
3.59595	1.60329
3.22881	1.6058
3.11955	1.33705
2.9695	1.36571
3.0942	0.838453
3.97148	-0.102259
4.9806	-0.212208
4.94755	-0.243542
5.17486	-0.178083
5.14012	0.0153011
4.02979	0.27857
2.94117	0.398744
2.79334	0.472529
2.69554	0.474979
2.71913	0.697406
3.05504	0.819974
3.31038	1.09305
3.47911	0.827666
3.78788	1.26062
4.01182	1.9008
5.49901	1.90488
5.62226	1.86461
5.52721	1.66144
5.36221	1.68986
5.06722	1.76983
4.89762	1.84446
4.93987	1.87107
4.67059	1.90297
3.85746	1.84556
3.93814	1.61875
4.64065	0.682438
5.96228	0.226537
5.38544	-0.334518
5.00695	-0.886538
5.12325	-1.03104
4.77378	-0.415131
4.44495	0.264904
4.83371	1.16108
5.63239	1.26894
5.37336	1.2678
5.23175	1.38315
5.09106	1.48243
3.82703	1.4472
3.35411	1.18999
2.85709	0.697759
2.80638	0.823314
2.68691	0.664074
2.76128	0.776758
2.90851	0.941672
3.73658	1.18575
3.71594	1.18437
3.91738	1.03156
4.31897	1.32394
4.07124	1.35839
4.16758	1.31086
2.83565	1.32301
2.54325	1.04859
2.33129	1.04289
2.31142	0.851093
2.31024	0.713389
5.09923	-0.00898516
6.0066	0.0603594
5.05908	-0.0736257
4.4449	-0.493435
4.36159	-0.383678
4.3015	-0.0607271
4.72724	0.42171
5.58562	0.423669
5.66456	0.293587
5.39099	0.311972
5.31817	0.528313
5.39069	0.672649
1.93794	0.441791
2.05747	0.499367
2.17114	0.345585
2.13381	0.431135
2.06608	0.335777
2.12106	0.374781
2.07051	0.454415
2.34435	0.287715
2.19448	0.219404
2.94194	-0.628747
3.23929	-1.05775
2.26504	0.419214
2.23847	0.239582
2.27755	0.353152
1.9957	0.386066
2.03744	0.379789
2.18116	0.453101
2.05872	0.438537
2.02986	0.420907
2.09572	0.357374
2.16093	0.38809
2.16194	0.194106
2.17769	0.156405
2.17269	0.384324
2.13784	0.459976
2.07245	0.2302
2.07181	0.333164
2.16179	0.295761
2.05711	0.655124
2.04238	0.340452
2.14131	0.379778
2.03785	0.454835
2.13614	0.524885
2.06381	0.323524
4.44743	0.950226
6.56752	1.19527
6.29722	1.09454
6.52175	1.14963
6.56224	1.39697
6.58342	1.15203
6.31963	1.36788
6.16182	1.35337
5.80977	1.48617
5.45251	1.53953
5.28904	1.77783
5.26947	1.92553
5.38581	1.63478
5.24487	1.61635
5.25786	1.62136
5.48397	1.58203
5.49968	1.71476
5.59592	1.85152
6.23512	1.61299
6.3355	1.38671
6.66864	1.20483
6.78728	1.13773
6.96795	0.875983
7.00686	0.760712
6.94779	0.821411
6.81641	1.02371
6.63523	1.05319
6.25477	0.999946
6.15304	1.02949
5.93768	0.862548
5.74221	0.0486802
5.58408	-0.209168
5.5196	-0.613202
5.20836	-0.506042
5.02994	-0.282732
4.78332	0.140234
4.65271	0.499503
4.53607	0.840866
4.39237	1.02159
4.38595	1.18844
4.49507	1.33099
4.72423	1.4234
5.12241	1.33789
5.53906	1.262
5.94884	1.22959
6.17794	1.36455
6.32353	1.46394
6.35628	1.6253
6.30838	1.76183
6.19908	1.83311
5.77715	2.02904
5.76827	1.7919
5.33469	1.93145
5.20536	1.85827
5.22541	1.72364
5.11739	1.80746
5.05075	1.77183
4.87808	1.50169
4.77362	1.27043
4.52656	1.26152
4.36964	1.17213
4.29938	1.23116
4.09239	1.35656
4.02351	0.845993
5.06206	0.456821
4.98293	0.386123
4.93088	0.327113
4.99564	0.426099
5.63886	0.645238
6.1932	1.06639
6.45454	0.769848
6.45459	0.990777
6.36812	1.09286
6.35254	1.19617
6.35949	1.45068
6.36663	1.854
6.8166	1.52974
6.52425	1.59161
5.85342	1.40294
5.57535	0.373519
5.29829	-0.376598
5.20615	-0.450504
5.42228	-0.46296
5.36859	-0.589136
5.15093	-0.561871
4.56437	0.259395
3.559	0.459979
4.17369	0.902139
3.63795	0.501142
3.66656	1.11557
4.93728	1.85414
5.23627	1.94314
5.65579	2.01394
5.58955	2.19562
5.61931	1.91408
5.46087	1.80809
5.75876	1.86778
5.90115	1.79129
5.62738	2.24383
5.60432	2.18081
5.11747	2.15681
5.02315	1.98701
5.07264	2.00261
4.9832	1.94742
4.84387	1.82861
4.98649	1.73916
4.93262	1.99249
5.01145	1.89029
4.84536	1.77756
4.46011	1.89015
4.53648	1.84428
4.15529	1.75627
3.18098	1.57272
3.07176	1.39471
2.78015	1.10089
2.4801	1.23559
2.45486	1.03846
2.43498	0.999399
2.50823	0.806567
4.95915	0.589641
5.21721	0.613768
5.22192	0.840357
5.68931	1.49699
6.21017	1.42439
6.30037	1.47603
5.91136	1.71256
5.86549	1.59936
6.09567	1.58383
5.66807	1.99198
5.04935	1.72089
4.33026	1.96797
3.63366	1.98449
3.44002	1.88902
3.31614	1.85478
3.09557	1.7829
3.03893	1.54855
2.83557	1.47339
2.7999	1.73158
2.7439	1.35899
2.71279	1.50587
2.74413	1.11106
2.80838	1.47847
2.66093	1.50568
2.53047	1.45915
2.506	0.90222
4.60864	0.379413
5.68063	0.25333
5.222	0.688747
5.40352	1.15493
4.72895	1.35353
4.32877	1.64122
4.15142	1.66544
3.95542	1.50546
4.19819	1.47184
4.55222	1.07907
4.77399	1.06041
5.2376	1.20004
5.43219	1.02358
5.15498	1.34062
5.55548	1.37576
5.59883	1.72227
5.66837	1.47226
5.51499	1.45889
5.5983	1.48273
6.04125	1.38847
6.47033	0.837751
6.3404	0.84926
6.15252	0.826753
6.19603	0.782152
6.28447	0.86247
6.15609	0.988041
5.3983	1.43255
4.11735	1.28747
3.56545	1.23739
3.37325	0.949329
3.31155	0.79207
3.01979	0.855578
3.05967	0.881569
3.04006	0.798881
2.79192	0.755258
2.68864	0.835385
4.58605	-0.04781
4.98407	-0.333613
4.04531	-0.0915016
4.09373	-0.139069
4.0752	-0.129953
4.21619	-0.373797
4.11421	-0.456687
4.18407	-0.518864
4.22321	-0.560659
4.39939	-0.306933
4.60553	0.0276033
4.63944	0.113327
4.67848	0.21209
4.56585	0.148482
4.32881	0.281936
4.41042	0.63148
4.46873	1.23118
4.72756	1.50424
4.60912	1.32822
4.72237	1.48317
4.54983	1.47561
4.49074	1.52576
4.63024	1.75553
4.69415	2.3286
3.9946	2.16688
4.09745	1.92373
4.30641	2.25912
4.52774	2.43099
4.40639	2.21083
4.25376	1.94274
4.22793	1.75953
4.96627	1.77203
5.18968	1.95465
5.06357	2.14337
4.99113	2.06031
5.28418	1.90947
5.54943	1.91581
5.71756	1.73434
5.70598	1.73108
5.58567	1.68991
6.19316	1.55835
5.91478	1.80373
5.985	1.93892
6.07331	2.0591
6.15589	1.93299
6.27141	1.73313
6.13269	1.74732
6.04901	1.73587
6.12814	1.62127
5.8579	1.82364
4.59251	2.05708
3.84504	1.78857
3.62311	1.85734
3.3496	1.72572
3.25963	1.52332
2.98222	1.47194
2.93322	1.2422
2.84625	1.29654
2.59954	1.32381
2.70465	1.1454
2.98534	1.60762
2.96034	1.45804
2.58561	1.13611
2.3875	0.813473
2.39743	0.907848
2.41224	0.757512
2.31025	0.683244
4.43693	0.422339
5.33355	1.382
5.94519	1.93034
6.26525	1.49477
6.16942	1.56001
5.99512	1.68335
5.87803	1.73019
5.474	1.94471
4.14068	1.84073
5.02538	1.14199
5.13743	1.28368
5.43705	1.86549
4.94097	1.95445
5.53169	2.13252
3.48758	1.81173
3.26364	1.69073
3.19383	1.67173
2.93175	1.45734
2.79618	1.27904
2.65866	1.09734
2.72094	1.16991
2.84342	1.25028
2.98577	1.60726
2.73149	1.45784
2.63135	1.36236
2.57574	1.49554
2.60838	1.26909
2.64445	1.33986
2.54014	1.41442
2.48094	1.33052
2.51941	1.14495
2.49657	1.16713
4.30967	0.676113
6.47135	-0.0910129
6.33502	-0.285276
5.964	-0.161125
5.92346	-0.225363
5.72491	-0.168416
5.16689	0.51058
4.94859	0.0333597
3.77015	0.249936
3.36343	0.224079
3.25007	0.263012
2.99469	0.428659
3.0668	0.385082
2.85652	0.18907
2.70574	0.401418
2.66233	0.606858
2.65233	0.460615
2.44836	0.421258
2.58951	0.374984
2.46227	0.437699
3.28465	1.02013
3.60106	1.06699
4.07171	1.67881
5.3053	1.85827
5.61219	1.73846
5.23525	2.00189
5.34629	2.00578
5.17909	2.13455
5.33549	2.12045
5.62702	1.99514
6.08597	1.6351
5.93025	1.93846
6.0841	1.81938
5.89596	1.9329
5.80968	1.9951
5.86652	2.00623
6.08379	1.87361
6.28109	1.60339
6.17092	1.66754
5.82879	1.83367
5.81913	1.68219
5.78097	1.66456
5.81016	1.62614
5.76583	1.62403
5.69304	1.68726
5.71491	1.67046
5.65961	1.74347
5.95025	1.7126
6.04734	1.63532
6.05593	1.66574
6.0265	1.81894
6.06382	1.85072
6.03462	2.06551
6.0916	2.20578
6.47193	1.74027
6.35054	1.39053
5.37355	1.48743
5.69125	1.79969
3.86716	1.78014
3.37093	1.44083
3.15344	1.56186
3.21496	1.61088
3.11714	1.42771
2.93846	1.48774
2.85947	1.20209
2.78071	1.08827
2.59004	1.20862
2.6009	1.21342
3.29504	0.323325
5.06624	-0.0063499
4.87931	-0.288796
5.15578	-0.121656
5.23518	-0.199811
5.0266	-0.146976
4.88238	-0.0930438
5.06765	-0.296842
5.05898	-0.561414
4.92998	-0.44992
4.99147	-0.332854
5.07719	-0.598673
5.08759	-0.405319
5.10361	-0.220929
5.05642	0.152795
5.05522	0.424219
4.80622	0.985048
4.88703	1.04711
5.28353	0.847734
5.30407	0.994652
5.35966	0.878667
5.12506	0.901151
5.2581	1.10524
5.43135	1.22373
5.54374	1.35695
5.45649	1.3598
5.77213	1.46941
5.72334	1.60536
5.52021	1.60522
5.45124	1.43677
5.47939	2.06423
5.25281	2.01699
5.0514	2.05493
4.82098	2.19468
4.83823	1.77682
5.00173	1.80995
5.3457	1.62898
4.49279	1.85644
4.86373	2.0127
4.26623	2.14103
4.01842	2.18142
4.339	2.00276
3.93314	1.93798
4.1304	1.97397
4.11246	1.92529
3.72358	1.70314
3.89984	2.05443
3.79445	2.03537
3.59289	1.64766
3.47145	1.63574
3.89808	1.9725
3.37391	1.39945
3.16224	1.33241
2.94425	1.15571
2.98432	1.23746
3.00823	1.21292
2.69847	1.09348
3.01332	1.12155
1.87098	0.47182
2.12985	0.362896
2.13823	0.497375
2.05369	0.293097
2.14403	0.376064
2.16134	0.440756
2.14496	0.539782
2.17878	0.517477
2.2287	0.59303
2.26082	0.615309
4.78839	0.0604208
5.94055	0.437238
5.46808	0.963323
6.75741	0.939956
6.88117	1.02391
6.77964	1.1883
6.71791	1.06076
6.85219	1.02198
6.57871	1.2626
6.29204	1.7817
6.26583	1.53435
5.26115	1.96065
4.84706	1.81555
4.7791	1.73744
4.90057	1.82231
5.05032	1.71592
5.47552	1.59887
5.90398	1.44116
6.26989	1.3243
6.3333	1.33116
6.4775	1.15911
6.33786	1.25696
6.24754	1.27885
5.98396	1.30768
5.37538	1.56086
5.11943	1.6555
5.07221	1.56449
5.07993	1.548
5.12151	1.51258
5.39906	1.55092
5.68834	1.31609
5.50577	1.37085
5.39739	1.53938
5.46887	1.74702
5.61144	1.96301
5.65319	1.61074
5.51612	1.85359
5.08299	1.89033
4.80209	1.98939
4.45634	1.75313
4.24999	0.857651
4.65148	0.31424
4.84754	-0.188875
4.8677	-0.145348
4.75904	-0.379167
4.79595	-0.432361
4.70427	-0.597172
4.72808	-0.660512
4.75139	-0.784829
4.70545	-0.656941
4.69418	-0.340562
4.64899	-0.572539
4.657	-0.628646
4.87022	-0.414569
4.62085	-0.462203
4.39319	0.0411266
3.86662	1.0201
4.96026	1.43998
5.07008	1.50427
5.04136	1.49774
4.65054	1.77049
4.62106	1.35756
4.63553	0.563739
4.75618	0.269784
4.81526	-0.0237022
4.67969	-0.152587
4.94386	-0.355862
4.99075	-0.0355551
4.74871	0.0293159
4.85962	-0.0976101
4.43283	-0.0304872
4.2041	0.043525
4.75953	0.562947
5.1459	0.35214
5.39877	0.0686738
5.01369	0.0481394
4.65126	-0.125459
5.0004	-0.487022
5.02529	-0.883021
5.1013	-1.13141
5.1415	-1.34785
5.19532	-1.42355
5.05747	-1.39203
4.97241	-1.21271
5.1294	-1.34857
5.15269	-1.30632
5.14199	-1.35696
5.16139	-1.35091
4.95115	-0.934752
5.14978	0.105203
5.57372	0.273073
5.7172	0.0811884
5.85873	-0.179797
5.89812	-0.113345
6.02354	-0.16925
5.95081	-0.0209018
5.91582	-0.00244285
5.76603	0.200916
5.79029	0.346656
5.93312	0.424586
5.78084	0.797498
5.85633	0.813547
5.6827	0.96054
5.39675	1.12568
4.88204	1.29893
4.34227	1.64201
4.33418	1.66688
4.2403	1.93029
4.45337	1.78547
4.46169	1.99638
4.48216	2.14335
4.64846	2.06269
4.59812	1.966
4.05971	1.94227
3.56696	1.82701
3.35777	1.30903
5.08823	0.584939
5.47675	0.178744
4.93411	-0.666149
4.65551	-0.657977
4.62681	-0.810006
4.53257	-0.965476
4.38015	-0.960298
4.61989	-1.03245
4.38566	-0.984834
4.27545	-0.557112
4.13809	-0.484519
3.82753	-0.0292
3.81862	0.944928
3.58585	0.792303
3.05913	0.657641
2.87815	0.49026
2.56066	0.186099
2.45022	0.242022
2.42727	0.169119
2.41507	0.333768
2.35026	0.445557
2.31479	0.215649
2.38454	0.224765
2.29446	0.328282
2.25415	0.215385
2.40814	0.243299
2.4092	0.259171
2.33713	0.2737
4.02947	1.0499
5.01763	1.0133
5.35452	1.69258
5.93022	1.1918
5.82338	1.13425
5.82881	1.24591
5.79741	1.47813
6.06253	1.14696
6.00905	1.19012
5.22986	1.01809
5.03892	0.941844
5.11211	1.40656
5.53203	1.36253
5.1213	1.54227
4.15272	1.52771
3.3072	1.48042
3.02382	1.27354
2.86935	0.993094
2.77572	0.903584
2.6346	1.00221
4.35741	0.421219
5.30196	0.31626
3.83295	0.158786
4.00786	-0.0876463
3.98288	-0.111833
4.16768	0.0197871
5.49572	0.816218
6.37169	0.728396
6.19984	0.847771
6.15108	0.872837
6.22167	1.03763
6.24853	0.86885
5.72097	1.2158
4.71367	1.22058
4.27845	1.41364
3.52978	1.21379
3.30171	1.23975
3.10892	1.05017
2.94473	1.01067
2.79936	0.793136
4.89208	0.526197
4.33816	0.493794
3.84643	0.137897
3.87758	0.26443
5.09162	0.57578
6.32807	0.638379
6.83316	0.688934
6.81917	0.514904
6.73261	0.832749
6.42574	0.877972
5.95727	1.32386
5.29997	1.42471
4.87064	1.18421
4.33129	0.847823
3.90393	0.612551
3.81918	0.288323
3.61089	0.288272
3.81249	0.180825
3.28426	0.532479
2.94148	0.592202
2.65455	0.541579
2.71573	0.777956
2.63523	0.520826
2.49013	0.618236
2.38527	0.895698
2.67121	0.643564
3.04168	-0.011556
5.07778	0.240854
5.61118	0.621793
5.62964	0.848664
5.95211	0.908334
5.89334	1.17956
5.778	1.10643
5.76762	1.0309
5.63821	1.05569
5.87229	1.02075
5.65523	0.947028
4.99905	-0.199645
4.99768	-0.536689
4.84608	-0.525618
4.94366	-0.545612
4.79158	-0.385107
4.77788	-0.526877
4.68231	-0.741607
4.79577	-1.00654
4.65624	-1.17076
4.73534	-1.18898
4.55923	-0.801412
4.53235	-0.302341
5.38756	0.205101
5.53171	0.203397
5.37835	-0.0947741
5.46325	-0.102703
5.49625	-0.150809
5.58516	-0.152044
5.80672	0.0673629
5.90361	0.104393
5.9151	-0.179202
5.52852	0.338574
5.00865	0.377158
4.21027	0.787981
3.33342	0.50732
2.97124	0.49106
3.10264	0.314883
2.82095	0.407371
2.88837	0.401616
2.94775	0.491286
3.68603	-0.177537
4.58126	-0.126642
4.47415	-0.776748
4.81259	-0.680933
4.70151	-0.645569
4.59444	-0.529668
4.60329	-0.646009
4.68294	0.0599708
3.88303	0.411791
3.55683	0.497708
3.66664	1.07634
2.79399	0.824396
2.50247	0.526854
2.48109	0.501334
2.53605	0.431455
2.90688	-0.0697255
4.25261	-0.114379
4.22536	-0.856054
4.29032	-0.940343
4.66364	-0.926276
4.59362	-0.943778
4.57988	-0.942759
4.7021	-0.959681
4.90029	-1.19332
4.96163	-1.14018
4.99641	-1.19125
5.09472	-0.95176
5.34825	-0.16415
5.50897	-0.0949563
5.45235	0.00796388
5.60198	0.0567278
5.78704	-0.130238
5.48066	-0.0589339
4.90438	0.0582249
4.44536	0.0825364
4.34054	0.0847261
4.43924	0.224432
4.69173	0.211325
5.21091	-0.114855
5.27442	-0.0334668
5.44434	-0.0320963
5.54289	0.0948563
5.63842	0.215809
5.80886	0.331665
5.37579	0.916135
3.9665	1.15136
3.17535	1.03736
3.00999	0.839858
2.90025	0.697365
2.66463	0.708521
2.76826	1.15165
4.0438	0.701042
4.79867	1.25468
4.56361	1.36122
5.52671	1.05114
5.52954	1.07216
5.30158	1.05076
5.60471	1.11645
6.17801	1.10945
6.23789	0.939239
5.79219	1.00425
5.39427	0.993959
5.28125	1.01432
5.14808	1.21315
4.59931	1.40472
4.2924	1.35337
4.07887	1.81107
4.26116	1.12561
4.76133	0.322199
4.77628	-0.145979
5.01109	-0.283609
5.26432	-0.714189
4.9929	-0.666652
5.2737	-1.1132
5.23503	-1.20691
5.52431	-1.23086
4.8914	-0.856006
4.80539	-0.636646
4.10665	-0.0332329
5.09979	0.101785
5.6457	0.0287279
5.84756	0.108879
5.90506	0.140842
5.74308	0.259035
5.20817	0.464612
5.04468	0.667272
3.48399	0.902586
3.15128	0.701623
3.00014	0.366831
2.91729	0.658472
2.81139	0.542131
2.72146	0.429068
2.62526	0.647249
3.15854	0.498922
5.05138	0.5213
4.3127	0.632141
3.74079	1.50096
4.31251	1.64846
4.56747	1.23266
4.44206	1.20191
4.6077	1.2751
5.18106	1.4421
5.08971	1.57019
4.55125	1.18795
4.7596	1.30096
4.82322	1.20342
4.39518	1.38635
4.49484	1.67928
4.37854	1.32009
3.94996	1.45685
3.93065	1.61088
3.65827	1.48213
3.51885	1.32685
3.87572	1.2537
3.39905	1.63855
3.18232	1.46556
3.029	1.42115
2.97593	1.46171
2.88474	1.35324
2.71962	1.28322
2.54918	0.99065
2.34215	0.787229
2.47234	0.618277
2.28005	0.400509
2.2607	0.29906
2.57746	0.387702
2.66699	0.500465
2.5927	0.57094
2.59633	0.289492
2.57944	0.654074
2.67253	0.437865
2.64888	0.428669
2.63506	0.404985
2.67334	0.383337
2.76981	0.55024
2.6632	0.646895
2.58008	0.524757
3.24692	1.48775
3.70499	1.70617
3.14671	1.38033
3.6663	0.859489
5.262	1.03422
5.45424	1.27189
5.73307	1.25249
5.82309	1.15731
5.94135	1.16932
5.89786	1.31104
5.8756	1.53905
5.09803	2.01187
4.62041	1.8965
5.10847	1.92205
5.12275	1.61716
5.05122	1.63969
5.08705	1.62392
5.28885	1.62129
5.32439	1.51309
5.32607	1.79547
5.36982	1.89504
5.39313	1.84729
5.4289	1.85577
5.37884	1.85101
5.37236	1.89356
5.39145	1.75468
5.33699	1.75171
5.26962	1.89115
5.34197	1.79268
5.42206	1.71917
5.55334	1.63693
5.60123	1.49819
5.60461	1.64931
5.65124	1.84001
5.45432	2.1183
5.57761	1.72245
5.92332	1.16791
6.0664	0.525166
6.15769	0.21738
6.40489	-0.0772227
6.20747	-0.397489
6.29644	-0.539069
6.46023	-0.69354
6.34713	-0.527223
6.1527	-0.114947
6.25811	0.217538
5.97778	1.27429
6.44112	1.32631
6.75355	1.19202
6.63219	1.39284
6.49446	1.33896
6.57931	1.17585
6.68155	1.08051
6.79868	1.01733
6.57901	1.19487
6.36021	1.27527
6.10552	1.57582
5.77109	1.69643
5.53412	1.67461
5.56625	1.66392
5.59971	1.53162
4.99924	2.04602
4.57782	2.03313
3.78999	1.71901
3.86085	1.58211
4.14047	1.60931
4.2926	1.48884
4.85808	1.18766
5.15724	0.894431
5.37148	0.705343
5.97237	-0.182539
6.01056	-0.583269
5.88069	-0.789775
5.99889	-1.07742
6.07197	-0.950635
6.13406	-0.692479
5.97962	-0.56176
5.73935	-0.482675
5.37943	-0.145799
5.18051	0.748243
6.25092	1.34967
6.52977	1.44268
6.35622	1.38277
6.25322	1.52233
6.34231	1.61272
6.30994	1.78758
5.87539	2.00542
5.71885	1.5747
5.63601	1.70665
5.5144	1.92692
5.14556	2.1795
4.95838	1.0983
4.62928	0.954813
4.91015	-0.131277
5.8443	-0.307375
6.26817	-0.301605
5.80407	-1.20428
5.93792	-1.02795
5.85569	-0.854256
5.49431	-0.476073
5.22083	0.180121
5.18234	0.543128
6.12166	1.18741
6.5108	1.3227
6.36857	1.32022
6.27626	1.32173
6.35446	1.34779
5.52646	1.46943
4.85706	0.850638
4.72813	0.766271
4.85291	0.208545
4.86141	-0.258964
4.88825	-0.27408
4.96814	-0.352541
5.04297	-0.476379
5.22936	-0.215364
5.40602	-0.170751
5.46807	-0.324726
5.17084	0.0840861
5.39038	0.420583
6.47651	0.367072
6.31175	0.277694
6.25305	0.192088
5.79615	0.449324
5.51041	0.647955
5.63854	1.10532
5.3966	1.87709
5.74996	2.18515
6.08026	1.89312
6.0923	1.77721
5.8663	1.84536
5.45294	1.98109
4.88869	2.11371
4.5691	1.50224
5.76843	0.541429
6.38731	0.203382
5.45692	-0.593566
6.14493	-0.054659
5.79399	-0.0404723
6.04663	0.0696299
5.99272	0.0553023
5.47862	0.133711
4.81375	0.14424
4.46325	1.1625
5.78485	1.69773
5.7613	1.91448
5.53368	2.09925
5.89885	1.92594
5.90783	1.57155
5.84796	1.25491
5.86836	1.14597
5.55272	1.15627
4.54539	1.46957
4.06789	1.64454
3.59962	1.48176
3.56412	1.21717
3.50496	1.26937
4.16105	1.46011
4.30863	1.24279
4.44423	1.27312
5.21938	1.3639
6.6255	1.31869
5.65213	1.34201
5.70427	1.43673
5.97162	1.57929
6.49803	1.44025
6.58741	1.39063
6.13232	1.58336
6.06265	1.61563
6.1623	1.4864
5.61497	1.52982
4.44532	1.57014
3.88011	1.61245
3.53114	1.32679
3.4055	1.13182
3.27444	1.16949
3.63028	0.906082
5.28501	0.766152
4.74937	-0.0510984
5.37233	0.130544
4.77411	0.311561
5.57502	0.635549
5.99991	0.424585
5.94303	0.299712
6.36593	0.146421
6.44625	0.148234
6.00113	0.244266
6.20014	0.23384
6.12638	0.495682
6.01098	0.477418
5.67235	0.876162
5.47997	0.953633
4.76453	0.949245
4.71166	1.49494
4.53376	1.22385
4.24968	1.58263
4.50262	1.57571
4.00778	1.27939
4.06342	1.56825
4.0418	1.82867
3.91692	1.64107
4.027	1.28274
3.99447	1.51706
4.60265	0.811477
5.26815	0.127755
5.33053	-0.367943
5.33926	-0.658985
5.32023	-0.636807
5.07752	-0.58824
5.07867	-0.368271
5.22585	-0.530297
5.11439	-0.611491
4.96611	-0.713763
5.05395	-0.567683
4.91199	-0.632535
4.97327	-0.455237
4.77791	-0.203956
4.61457	-0.0618906
4.24403	0.192438
3.72315	0.680149
3.38399	0.856871
3.2105	0.936368
3.13096	0.671955
3.06836	0.709539
2.94929	0.612278
2.95815	0.743474
2.94086	0.715787
2.24769	0.743956
2.43966	0.5903
2.45179	0.464959
2.5411	0.463709
2.37607	0.493479
2.3935	0.555225
2.614	0.490546
2.47981	0.721859
2.52518	0.533871
2.44813	0.50613
2.39967	0.739969
2.3994	0.702575
2.33817	0.628646
2.65085	0.0691679
4.76281	-1.10393
3.95431	-0.718461
2.61808	0.351608
2.52365	0.36459
2.43701	0.497044
2.36533	0.366856
2.37379	0.592995
2.50687	0.48601
2.59491	0.441218
3.02858	-0.227869
2.77106	-0.0709388
2.26731	0.305491
2.3223	0.663718
2.9922	0.424737
4.13147	-0.48395
4.5161	0.122734
4.85067	0.590268
4.65133	-0.14982
4.86647	-0.455638
4.63516	-0.027921
4.85378	-0.120719
5.03293	-0.0768987
5.18723	-0.305752
5.51791	-0.287659
5.44936	-0.115279
5.74508	-0.0576458
5.88931	0.158589
6.10237	0.457768
6.21859	0.4157
6.09403	0.750283
6.45569	0.854048
6.54781	0.917379
6.39295	1.08359
6.02143	1.25703
6.07335	1.09978
5.03767	1.08104
4.03881	1.2657
3.6286	1.06215
3.41692	0.839437
3.19212	0.874575
3.11414	0.922755
2.94804	0.721476
2.88835	0.630172
2.89496	0.495739
4.70874	-0.179938
5.3248	-0.13715
4.41135	-0.434913
4.31688	-0.945539
4.54204	-0.893058
4.58386	-0.247181
5.03253	0.0922851
5.19664	0.0662725
5.22747	-0.197655
5.25854	-0.31443
5.2906	-0.350769
5.41194	-0.393564
5.25245	-0.265704
5.18698	-0.128765
5.20923	-0.35837
5.13092	-0.205841
5.13964	-0.192481
5.09409	-0.243968
5.1875	-0.308759
5.32096	-0.173555
5.26638	0.0648576
5.23084	0.303657
5.20831	0.296173
4.83973	0.431532
4.43608	0.396075
4.77367	0.286486
4.53432	-0.140798
4.06273	0.347531
4.24957	0.456194
4.4989	0.136038
4.24364	0.240692
4.41194	0.168536
4.74762	0.162464
4.96467	-0.046016
5.11915	0.077265
5.45676	0.115463
5.23896	0.139605
5.76263	0.129572
5.98017	0.501111
6.12662	0.559822
6.56828	0.550453
6.71742	0.835889
6.75398	0.948956
6.65654	1.10592
6.58592	1.30761
6.40173	1.39944
6.36951	1.52493
6.24876	1.70399
6.40497	1.60443
6.32578	1.62285
6.24819	1.52048
5.89972	1.70606
5.74693	1.77713
5.85312	1.74515
5.77726	1.83046
5.73074	1.92955
5.93043	1.76879
5.33655	1.94729
4.8139	1.83079
4.40185	1.33298
5.74292	0.357847
5.81749	0.541489
4.80708	-0.22265
4.51824	-0.130718
4.09971	0.307415
4.05383	0.442683
4.44229	0.433016
4.91099	1.09125
5.06128	1.35104
5.21581	1.13179
5.41326	0.896762
5.52459	0.647262
5.68677	0.560727
5.57091	0.521602
5.54314	0.511444
5.19157	0.624905
4.22119	1.19302
3.61703	1.24818
5.33984	0.928144
5.79719	0.812836
5.75356	1.09558
6.29376	1.16299
6.55333	1.17087
6.03421	1.54562
6.07028	1.61037
6.36569	1.51088
6.18681	1.81918
6.23834	1.62053
6.28847	1.66618
6.66779	1.58924
6.59396	1.62143
6.27292	1.76063
6.05139	1.81476
5.87022	1.71574
5.97565	1.80662
5.87329	1.86525
5.69911	1.83152
5.61956	1.83849
5.63607	1.74084
5.20454	1.92887
4.9096	1.92583
5.31721	1.13539
4.91721	1.05751
3.37703	1.23796
3.372	1.43876
3.02436	1.23526
2.84457	0.959426
2.87375	0.865211
3.02693	0.947737
2.65445	0.863491
2.72707	0.967841
2.78617	1.01251
5.10066	-0.15838
5.13873	-0.124635
4.23261	-0.357236
4.31647	-0.701348
4.52128	-0.835799
4.47989	-1.07403
4.37199	-1.0361
4.40742	-0.870518
4.51619	-0.0499078
5.46615	0.486427
5.85453	0.343786
5.87308	0.338889
5.32531	0.560006
4.89917	1.77998
4.89078	1.85472
4.98161	2.04414
5.16624	2.04825
5.4413	1.82025
5.30174	1.94614
5.50661	1.86568
6.37635	1.1846
6.215	1.28133
6.17905	1.55195
6.34581	1.3509
6.13236	1.39393
6.25097	1.187
6.18297	1.42373
6.01759	1.36755
5.65031	0.996783
5.29968	0.341701
4.78174	0.00952843
4.88925	-0.148418
4.96475	-0.0210109
5.2763	-0.571835
5.16188	0.07852
5.72117	0.893405
5.97221	1.30833
6.1287	1.58436
6.02293	1.6582
5.94606	1.7232
6.03937	1.49845
5.94668	1.44547
5.50311	1.79384
5.54902	1.70161
5.5336	1.58953
5.35092	1.76595
5.77027	1.53925
5.33259	1.6452
4.98019	1.71473
5.07236	1.56698
5.11984	1.2254
3.83699	1.01257
4.06402	0.910428
6.19418	0.476938
6.20163	1.11455
5.7108	1.58096
4.57174	1.21793
3.66922	1.56026
5.41188	1.61459
5.7815	1.50437
5.09589	2.16711
4.598	2.40532
4.88987	2.30376
4.94726	2.22689
4.85051	2.18311
4.50502	2.25975
4.39717	1.9747
4.24769	1.99297
4.85407	1.72704
4.67776	1.64206
4.68685	1.67696
4.78468	1.71918
4.91313	1.69914
4.86808	1.80361
4.77241	1.88039
4.44503	1.92187
4.02019	1.74148
3.42396	1.441
3.42106	1.25494
4.01678	1.4774
4.09231	1.05846
3.9229	0.992441
3.40559	1.35395
3.79625	1.11938
4.5517	0.34902
4.30464	1.07722
4.05056	1.13506
4.58817	1.41889
5.25475	1.43214
5.53326	1.49678
5.75527	1.66148
5.96214	1.33495
5.72172	1.65673
5.67422	1.71356
5.5997	1.33562
5.0718	1.82174
5.36284	1.57197
5.25061	1.6108
5.4472	1.85666
5.02763	1.75867
5.10394	1.75446
5.10058	1.75287
5.29269	1.66439
5.19161	1.85711
4.96182	2.02747
4.90833	2.17815
5.23725	1.99007
6.45719	1.50729
6.21253	1.76195
5.97024	1.78905
6.13734	1.77657
6.27794	1.89482
6.3958	1.58673
6.35576	1.85974
6.52335	1.73283
6.51428	1.30431
6.35825	1.13843
6.20267	1.06341
5.68196	1.11653
5.46893	1.0774
5.2999	0.783067
5.14543	0.812667
5.08364	0.358685
5.01244	0.194406
5.06591	0.398428
5.36005	0.401671
5.32538	0.244102
5.28679	0.324286
5.70153	0.40706
5.60756	0.471077
5.13203	0.574896
4.99602	0.635936
4.44288	0.921235
4.46763	1.93822
5.15473	1.91913
5.34478	1.73546
5.43716	1.65417
5.44118	1.61091
5.09612	1.76444
5.34629	1.65652
5.32773	1.617
5.45571	1.61569
5.43837	1.81034
5.39793	1.81642
5.09163	2.03979
5.613	1.68147
5.91809	1.53461
5.46432	1.53887
5.87629	1.6314
5.85236	1.89886
4.82845	1.84824
4.25092	1.72261
4.46155	1.30601
5.62855	1.09697
5.04483	1.69096
4.66156	1.95965
3.52261	1.48357
3.05247	1.36484
2.80335	0.882544
2.93276	1.07542
2.71266	1.04947
2.66809	0.802616
5.11675	1.04754
4.98882	1.05548
4.30586	0.311549
4.32129	0.764813
4.15532	0.689532
4.32883	1.24071
5.10453	2.09931
5.57261	2.11678
5.78587	2.23789
5.72571	2.2807
5.47187	1.99592
5.68985	1.97665
5.61645	2.02206
4.90744	2.10262
4.79425	2.19294
3.80116	1.96958
3.22291	1.67759
3.02323	1.63089
2.9996	1.34451
2.88043	1.4749
2.8521	1.32339
2.9097	1.2171
2.83817	0.862928
2.72341	0.756612
2.48954	0.931495
2.6529	0.985419
2.5335	0.96187
2.54645	0.681676
2.75241	0.636809
5.58354	0.629641
5.13125	0.653392
4.18941	1.01911
3.61033	1.04117
3.32637	0.699493
3.16688	0.46655
3.02228	0.662894
3.12855	0.472781
3.14381	0.436449
3.09945	0.609994
3.19502	0.399576
2.98052	0.495944
2.84488	0.705434
2.89207	0.750658
2.26923	0.745256
2.66721	0.76217
2.61761	0.802827
2.59489	0.590967
2.59502	0.749502
2.43968	0.57152
2.34186	0.65938
2.54334	0.661346
2.61552	0.606509
3.14517	0.711001
5.28327	1.18118
6.37542	1.12111
6.22205	1.36209
6.22012	1.4996
6.2558	1.80851
6.34299	1.77442
6.24145	1.71693
5.99201	1.67303
5.52542	1.79758
5.50801	1.96637
5.85344	1.78584
5.89832	1.78827
5.91289	1.57539
5.62224	1.54539
5.23232	1.78324
4.75919	2.08937
4.24278	1.85718
3.92074	2.29144
3.56641	1.97711
3.85401	1.51878
5.74259	1.44586
6.46638	1.27178
6.74069	1.05231
6.62315	1.48111
6.58864	1.47615
6.60549	1.32366
6.48601	1.53536
6.64063	1.29799
6.69688	1.17238
6.62929	1.40337
6.75363	1.08053
6.72751	1.34647
6.44014	1.65965
6.56648	1.57267
6.42138	1.63538
5.93104	1.85683
5.81867	1.72016
5.74488	1.64129
5.99267	1.56699
6.32293	1.50642
6.61042	1.53842
6.61633	1.74238
6.41142	1.89612
5.34275	1.90799
5.15022	2.34547
5.88299	2.18936
6.25696	2.08836
6.49724	1.87822
6.49022	2.09152
6.52797	1.7449
6.4246	1.83271
6.32127	1.78054
6.05249	2.03118
5.84097	2.05441
5.41728	2.10734
5.0814	2.17785
5.02879	2.25858
4.92842	2.5452
5.23467	2.34607
5.49324	2.10635
5.56191	2.35765
5.7802	1.80461
5.78853	1.78001
5.80999	1.79586
6.10564	1.44874
6.04361	1.60175
6.02083	1.53667
6.07249	1.57413
6.238	1.54451
6.16221	1.47318
5.87283	1.4857
5.72691	1.32775
6.19015	1.21019
6.12814	1.21364
5.64256	1.33983
5.84293	1.32066
5.83406	1.44552
6.02619	1.09651
6.03634	1.17992
5.80567	1.24521
5.57497	1.07985
5.66297	0.779791
5.35727	1.0329
5.07516	1.27557
5.06458	1.06166
5.30115	0.753446
5.3296	0.78593
5.26898	0.528153
5.03579	0.720502
5.6139	0.62724
5.48426	0.876507
5.7452	0.960219
5.95298	1.04327
5.67159	1.08157
5.58305	1.15243
5.68002	1.33216
5.52797	1.53786
5.54748	1.34945
4.96041	1.24232
4.83753	1.27805
4.96707	1.59339
5.70645	1.47278
5.39498	1.56534
5.5144	1.5535
5.89862	1.56164
5.7519	1.6566
5.39774	1.74602
5.13791	1.73661
5.32963	1.66393
5.2726	1.83278
4.93549	2.03574
4.57259	2.17652
4.69149	2.20901
4.19215	1.86646
3.78675	1.61807
3.8669	1.42724
3.52011	1.84839
3.47624	1.64194
3.45241	1.6294
3.99573	1.65076
4.25065	1.7379
4.50169	1.66592
4.44041	1.5318
4.44059	1.42354
4.73967	1.37287
4.91669	1.4049
4.94176	1.82272
4.93881	1.72788
5.63271	1.25141
5.23058	-0.076096
5.08006	-0.51196
5.19869	-0.642696
5.52339	-0.866352
5.55708	-1.14879
5.223	-0.918061
4.83996	0.238571
4.9561	0.724941
5.46324	1.21339
5.75848	1.34727
5.7728	1.06173
5.41387	1.04344
5.58835	1.01424
5.60377	1.15696
5.33416	1.02769
5.3452	1.06806
5.65958	0.960658
5.26566	0.938526
5.08255	0.952812
5.37114	0.712242
4.5706	0.990831
4.27299	0.978105
3.8794	0.910974
3.02533	0.931946
2.88202	0.85568
2.77761	0.800864
2.67264	0.655931
2.61562	0.640287
2.56403	0.494391
2.49937	0.72688
2.4564	0.463197
4.14972	0.0344198
4.84417	0.428968
4.36538	0.0587293
4.24875	-0.803465
4.11895	-0.888421
4.49181	-0.856476
4.62214	-0.965841
4.61777	-0.770609
4.67937	-0.585053
4.61198	-0.645722
4.70151	-0.414848
4.50366	-0.46971
4.32318	-0.44829
4.34256	-0.251748
4.35864	-0.017642
3.94976	0.310553
3.59645	0.568508
3.07605	0.608684
2.93811	0.729326
2.89607	0.718774
1.79434	0.274758
2.15388	0.489032
2.06029	0.412251
2.09833	0.477007
2.01738	0.354073
2.16984	0.268282
2.13932	0.384759
2.16345	0.363377
2.27395	0.442249
2.14781	0.465335
2.09754	0.452363
2.12447	0.423217
2.22382	0.481571
2.28364	0.6263
2.615	0.229149
2.66687	0.105486
2.48998	0.170509
2.48202	0.492952
2.54724	0.362708
2.63035	-0.0220745
2.70228	0.110127
2.66287	0.044393
2.77486	0.126197
2.66823	0.0703406
2.55199	0.0775278
2.54563	0.119958
2.56131	0.0463159
2.71706	-0.0931287
2.86996	-0.133058
2.87404	-0.484415
2.99735	-0.245293
3.02222	-0.28441
3.00575	-0.343502
3.10708	-0.246864
3.45663	-0.159709
3.90464	-0.0525081
4.53152	-0.277109
4.44097	-0.293951
4.27366	0.252976
4.65029	0.5827
6.04338	0.155767
6.19882	0.0911129
6.06292	0.168289
5.88176	0.394696
5.73896	0.556267
5.39996	0.873256
4.55342	1.91516
5.18255	1.8226
5.3668	1.92885
4.84406	1.91447
5.11587	2.17185
5.26484	1.88203
5.92753	1.46848
6.35322	1.4422
6.71444	1.44153
6.86548	1.41605
7.00473	1.26585
6.93994	1.47742
6.84644	1.56731
6.89288	1.41799
6.57396	1.7516
6.40242	1.75743
6.29989	1.83871
6.19031	1.90426
6.09239	1.90337
6.03683	1.91832
6.21475	1.7917
5.88346	1.91289
5.63181	1.81646
5.73652	1.72507
5.80925	1.67862
5.90456	1.58403
5.77022	1.60526
5.66342	1.64937
5.61751	1.69465
5.4293	1.77277
5.70314	1.65919
6.06668	1.36752
6.01985	1.29447
6.04899	1.11764
5.9729	1.46462
5.86101	1.01393
5.80594	1.45063
5.40601	1.81554
5.32639	1.90945
5.44257	1.84338
5.30585	1.8823
4.96209	2.23132
5.0167	2.15894
4.97479	2.16979
4.96584	2.21929
5.02782	2.0606
4.92351	2.00571
4.70659	2.07022
4.4259	1.99646
4.05894	1.8902
4.44217	1.96266
3.52469	1.76476
2.78875	1.17843
2.73359	1.25341
2.64689	0.929776
2.55252	0.962493
2.40233	0.876779
2.35877	0.864496
2.41505	0.829005
2.30338	0.884299
2.12878	0.850129
2.17125	0.639322
2.32942	0.876188
2.65103	1.25826
2.48896	1.2222
2.73398	1.55991
2.78228	1.82984
2.73158	1.82484
2.84122	1.64888
2.90225	1.78584
2.87025	1.61366
4.54681	1.03804
6.19146	1.3124
6.22923	1.49105
6.14247	1.91411
5.81802	1.90442
5.65326	2.08921
5.7061	2.02575
5.35008	2.27984
5.23617	2.5457
4.8785	2.36873
5.062	2.03462
4.88681	2.14366
4.81654	2.28723
4.83641	2.21153
4.8794	2.11957
5.01486	1.94032
4.71727	2.04482
4.59084	1.90132
4.96952	1.37879
5.27644	2.14782
5.75382	1.79125
5.39158	1.43819
4.77025	1.43604
4.32189	1.21891
4.60702	0.140292
4.47502	-0.15962
4.64254	-0.302157
4.53597	-0.267419
4.28456	-0.553276
4.63232	-0.244174
4.53155	-0.437785
4.30928	-0.00529349
3.80011	0.505076
4.18023	0.666791
4.99664	1.60761
6.30248	1.42811
5.7072	1.6822
4.62791	1.74831
3.39333	1.65209
3.02104	1.42372
2.81675	1.44601
2.7409	1.17717
2.60517	1.10795
2.45132	0.985683
2.47271	0.980214
3.92837	1.0021
4.8852	1.18905
6.1034	1.69676
6.54502	1.62079
6.31443	1.33392
6.01215	1.30186
5.85057	1.35811
5.69222	1.57104
5.15809	1.44762
5.38662	1.48994
5.75531	1.10434
6.08575	1.01157
6.15743	1.07626
6.10901	1.05442
6.01946	0.763378
5.98194	0.649861
6.09278	0.584774
5.90277	0.746965
5.68299	0.532736
5.5143	0.570621
5.42827	0.739121
4.84222	0.70281
4.57571	0.342588
4.69116	-0.19684
4.78497	-0.406346
4.90535	-0.340588
4.81309	-0.489121
4.92444	-0.573632
4.76596	-0.720595
4.5979	-0.414052
4.31177	-0.3234
4.09949	0.185431
4.68914	0.465953
6.28373	1.0402
5.58681	1.3055
5.40499	1.60303
5.3317	1.77074
5.36448	1.857
5.57211	1.54191
5.36366	1.95988
5.30744	1.65607
5.07088	1.63898
4.90953	1.64849
5.08163	1.60881
5.4104	1.60489
5.5168	1.60449
5.57211	1.57301
5.49786	1.5389
5.64853	1.573
5.71823	1.63603
5.7256	1.54787
5.22511	1.77458
5.1685	1.23917
5.22651	1.25186
5.23349	1.30078
5.26461	1.23002
5.05455	1.40925
5.47637	1.32336
5.75479	1.55541
5.85775	1.24295
5.98981	1.29635
5.96287	1.50158
5.81489	1.63232
5.92728	1.8702
5.48692	1.79542
5.38858	1.64419
5.16295	1.4088
4.39519	1.64624
4.58868	1.19408
4.92456	1.35383
5.17918	1.01825
4.81751	1.12822
4.76063	1.14232
5.1285	1.20894
5.35826	1.31792
5.22735	1.43841
5.29187	1.42316
5.54384	1.26361
5.37363	0.925272
5.23052	0.809523
5.35366	0.752513
5.32199	0.508034
5.09761	0.0199667
4.9772	-0.0697547
5.03452	-0.183642
5.28624	-0.386774
5.21708	-0.44602
5.18498	-0.398366
5.20364	-0.127401
5.38309	-0.143238
5.33284	0.147969
5.22528	0.551333
5.379	0.766977
5.56655	1.1407
5.66435	1.43324
5.51279	1.51148
5.26834	1.76117
5.14278	2.16558
5.26967	2.06605
5.08592	2.3217
5.06816	1.94845
4.93511	1.71514
5.02864	1.71709
4.92991	1.70657
3.93535	2.2738
4.01623	2.24207
2.94286	1.60281
2.73481	1.48962
2.53302	1.47629
2.46427	1.26205
2.5447	0.988351
2.44225	1.03199
2.45345	1.14268
2.361	1.02352
2.31523	0.863503
2.20057	0.757811
2.24479	0.714415
3.37413	0.84739
4.94732	0.936093
4.65173	0.931785
4.29714	0.952871
3.9071	0.659272
4.64763	1.04255
5.39759	1.57272
6.24735	1.40432
6.13685	1.29297
5.25196	1.42908
4.61237	1.46982
3.32003	1.67885
3.11463	1.47486
2.88774	1.47134
2.84046	1.29751
2.72971	1.14732
2.52437	1.0918
2.49458	1.20929
2.43937	0.908104
3.92102	0.979987
4.98923	1.36267
5.65689	1.40834
6.06906	1.2382
5.38035	1.58207
5.31219	1.46183
5.53444	1.38445
5.30714	1.46488
5.49594	1.6464
5.10256	1.66056
5.38374	1.63809
5.24073	1.86956
5.01321	1.77964
4.70271	1.76659
4.77011	1.85081
4.96332	1.81727
4.7994	1.79811
4.7316	1.69564
5.03583	1.74592
5.01609	1.76223
4.9084	1.7009
4.74929	1.70814
4.8951	1.8439
4.96336	1.70706
4.93577	1.64248
5.45201	1.07424
5.70132	0.907199
5.79006	0.792811
5.76251	0.90196
5.71448	0.995402
5.50638	1.28337
5.30035	1.53686
5.12492	1.75343
5.10146	1.7675
4.92244	2.0124
4.65332	2.08727
4.47264	1.87938
4.32342	2.05911
4.65171	1.65495
4.03056	1.77716
5.12865	1.0643
4.41186	1.15225
3.86518	1.12897
3.50416	1.10223
2.80491	0.928766
3.97046	0.818288
3.93497	0.862249
3.7119	0.439115
4.01618	0.0747229
4.46511	0.255721
4.57276	0.841059
3.99135	0.954543
4.80466	1.3492
3.76053	1.22787
3.46386	0.61866
5.4342	0.710988
5.37087	1.02598
5.40565	1.23003
5.67972	1.35543
5.8938	1.50186
5.80362	1.10744
5.43521	1.30245
5.01968	1.2644
5.09567	1.1732
4.72292	0.319676
4.73332	-0.579251
4.3851	-0.374022
4.20122	-0.608115
4.15785	-0.637498
4.11803	-0.59427
4.10211	-0.938882
4.06477	-0.782139
4.18404	-0.925448
4.40549	-0.807562
4.69864	-0.906817
4.89497	-0.869893
4.74063	-0.630046
4.35949	-0.0529221
4.41377	0.793627
5.38597	1.31882
6.10774	0.970858
5.72001	0.959879
5.50605	1.14814
5.37094	1.2572
5.44853	1.37237
5.7431	1.32405
5.11828	1.75411
5.01873	1.90437
5.02108	2.00159
4.91603	1.8909
4.73431	2.11006
4.69672	2.11866
4.90558	2.02531
4.77898	2.23541
4.64142	2.17372
4.3973	2.14
3.8289	2.03066
4.05963	1.20346
5.27746	0.391418
4.34439	0.231185
5.05271	0.198153
4.06606	-0.210795
3.66036	-0.0672222
3.48365	-0.309622
3.36252	-0.0902278
3.15411	0.109569
2.59656	0.32468
2.34022	0.537042
2.27452	0.524925
2.41981	0.432483
2.89661	0.25371
3.57761	0.161044
4.2601	0.754207
5.4566	1.16462
5.50914	1.21206
5.39203	1.24539
5.42072	1.31911
5.63328	1.27529
4.93289	1.31693
4.58827	0.801656
3.61435	0.142401
4.18013	-0.378719
4.66841	-0.616355
4.94942	-0.440622
4.62557	0.231799
3.29673	0.416567
2.66817	0.451179
2.41214	0.579648
2.36245	0.582157
2.24749	0.590336
2.26914	0.534254
2.1997	0.616526
2.20367	0.509105
4.37137	0.607485
4.40099	1.44174
5.22296	1.66091
5.14953	1.69427
4.26113	2.07013
4.64636	1.25415
4.70008	1.5366
5.09093	1.55939
5.16719	1.52317
4.8593	1.351
4.86421	1.33899
5.31908	1.18118
5.15622	0.988033
5.3841	1.0464
5.00021	1.2335
4.83359	0.967014
4.57295	0.463062
4.42101	0.542275
3.8877	0.0423471
3.77136	-0.13367
3.71339	0.0653264
3.43015	0.391178
3.39981	0.39746
3.31013	0.349901
3.50089	0.0827039
3.91114	-0.149438
4.1817	0.328806
3.65076	0.76371
4.28051	1.26872
5.10934	1.40023
5.38211	1.29005
4.59069	1.33193
4.3923	1.39701
3.13214	1.32103
2.67616	0.974845
2.46283	0.719126
2.40949	0.865986
2.39471	0.847019
2.97969	0.816709
3.14083	0.808396
3.20774	0.768721
3.38812	0.576779
4.06677	0.639111
4.85635	1.3063
4.08245	1.43114
3.82706	1.06637
4.86398	0.846801
5.05934	0.497064
4.79086	0.495648
5.1998	0.422127
5.18653	0.446123
4.23343	0.847934
4.27253	0.704413
4.04229	0.490386
4.14353	0.634898
3.71694	0.514634
3.98184	0.128994
4.02425	0.232768
4.19206	-0.418406
4.38831	-0.747543
4.34917	-0.727722
4.24274	-0.869082
3.99818	-0.941589
3.87047	-0.764627
3.92419	-0.795535
3.54247	-0.401385
3.16257	0.107317
3.26752	-0.000617539
3.19855	0.218736
3.14954	0.168597
3.11192	0.185302
3.00917	0.229763
3.03771	0.287114
3.2079	0.435338
3.29682	0.238672
3.43512	0.41868
3.74761	0.243268
3.74833	0.399028
3.35973	0.44275
2.34006	0.429741
2.42281	0.404949
2.4395	0.580864
2.47657	0.299004
2.34786	0.579567
2.46852	0.413281
2.41043	0.684827
2.34805	0.484628
2.45027	0.500056
2.79294	0.576516
4.81736	0.392372
3.47601	0.464406
2.96071	0.527983
3.03382	0.312132
3.65044	0.614945
3.9217	0.106566
4.1005	0.101515
4.386	0.253929
4.64794	0.802542
4.90344	0.854951
5.19273	0.971712
5.04278	1.38836
4.89952	1.45733
5.05	1.48795
5.2572	1.55302
5.92551	1.49188
6.60093	1.07333
6.44221	1.51185
6.70725	1.28312
6.49606	1.46662
6.30588	1.50058
6.24076	1.55769
6.15995	1.65216
5.60214	1.86459
5.21496	1.76211
5.41582	1.63148
5.5516	1.64182
5.36833	1.62663
5.0498	1.65086
5.59374	1.66195
5.73896	1.8326
5.93945	2.02573
6.14384	1.8542
6.11356	1.84457
5.97388	1.82603
4.86824	1.99495
4.23308	1.99218
3.62119	1.85377
3.19617	1.34956
3.24885	1.39574
3.16334	0.974441
3.12702	1.29593
3.9127	1.45685
4.42941	1.69071
4.59393	1.85113
4.94696	2.19493
5.48872	2.24181
5.86445	2.21122
5.95288	2.076
5.64453	2.05272
5.47691	1.93235
5.06559	1.71589
5.19829	0.785943
5.27162	0.38642
5.32215	-0.0190372
5.12519	-0.261582
5.33764	-0.185528
5.09753	-0.209989
4.88856	-0.161237
4.86096	-0.28108
4.75479	-0.0953963
5.04198	-0.389949
4.99606	-0.236786
4.88711	-0.260789
4.87915	-0.209975
5.15262	0.699687
5.45104	1.09794
5.28482	1.21231
5.77136	1.51889
5.55121	1.44782
5.31532	1.78772
4.82751	1.85196
5.05327	1.73915
4.71814	1.66214
4.08131	1.3342
4.47752	0.913041
5.3214	0.460839
6.19333	-0.114552
6.32805	-0.524791
6.33813	-0.83625
6.01031	-1.0017
6.15363	-1.21475
6.09114	-1.18566
6.12024	-1.28018
6.13537	-1.29978
6.02234	-1.3399
6.11172	-1.07633
5.97327	-0.862591
5.63239	-0.709195
5.4458	-0.348464
5.71565	0.312437
6.51078	0.39268
6.25225	0.984702
6.27123	0.841057
6.31971	0.752074
6.30696	0.902322
6.40137	1.13639
6.3924	0.848816
6.44106	0.891123
6.32202	1.30474
6.27609	1.27795
6.26441	1.35826
5.9588	1.53754
5.77498	1.36445
5.21724	1.42748
5.02604	1.47905
5.10993	1.54541
5.17349	1.76489
5.35569	1.88303
5.82536	1.70539
6.17228	1.65564
6.1371	1.87037
6.13677	1.98106
6.06968	1.83542
6.16357	1.1084
5.98282	0.896476
6.06865	1.12958
6.50622	1.12903
6.53343	1.26806
6.62377	1.16066
6.62502	1.18071
6.66694	1.17242
6.52153	1.24693
6.23104	1.44801
5.83255	1.55942
4.24964	1.77641
3.88639	1.51606
3.86137	1.35155
3.50424	1.40173
3.32071	1.22345
3.75775	0.975302
5.35855	0.725109
5.02109	1.11842
4.48579	1.03323
5.24135	1.13685
5.6567	1.44115
5.68497	1.14836
5.66171	1.16528
5.50177	1.19945
5.57728	1.13774
5.59626	0.980296
5.24068	1.13342
5.47146	0.384411
5.57825	0.61038
5.32186	0.44519
5.33996	0.212902
5.27276	0.0157978
5.19588	0.199565
5.21721	0.548746
4.77394	1.14464
3.89328	1.29087
3.57964	1.18118
3.60325	1.07952
3.94586	1.10509
4.15729	1.43511
4.99482	1.48775
5.95928	1.21915
5.91072	1.40016
5.85391	1.37753
5.78649	1.37465
5.91431	1.37704
6.26992	1.46166
6.1429	1.7054
6.03566	1.70557
6.026	1.78607
6.09649	1.74131
5.83575	2.18235
5.16898	2.02904
4.41039	1.66998
3.56548	1.40055
3.68659	1.12629
4.63277	0.917627
6.04146	0.859809
5.13079	0.549378
4.9959	0.742248
5.4112	1.71963
5.56016	1.88949
5.10346	1.99281
5.3386	2.07058
5.34228	2.52555
5.09575	2.24918
5.18955	2.14691
5.45928	2.07413
5.1568	1.9832
5.35565	2.08341
5.60175	1.74667
5.00915	1.9317
4.83118	1.96835
4.88415	2.04629
4.28595	1.85797
4.13553	1.73301
4.36814	1.56761
4.16042	1.4176
4.06549	1.53388
3.89448	1.45289
2.00693	0.478136
2.1689	0.597294
2.22584	0.425871
2.21608	0.620482
2.25128	0.479049
2.18567	0.392218
2.16843	0.506483
2.34418	0.330564
2.21752	0.545769
2.21977	0.42399
3.74709	-0.0265898
5.96574	0.248373
5.79732	0.550234
5.57001	1.32859
6.45886	1.39349
6.50097	1.53674
6.7205	1.73281
6.4159	1.61627
6.58086	1.82886
6.24128	2.02871
5.75738	1.90377
5.43011	1.78949
5.24911	1.95645
5.28528	1.88835
5.48172	1.79305
5.20894	2.08207
5.50373	1.78321
5.2695	2.00083
4.83141	1.88921
4.31861	2.09333
4.27299	2.13379
4.56429	1.35781
5.92923	0.739641
6.50541	0.706228
6.61205	0.946155
6.44287	1.10501
6.59009	1.04581
6.79746	0.724581
6.73081	0.696634
6.72045	0.631861
6.70877	0.586069
6.76155	0.426549
6.54202	0.462457
6.56826	0.517297
6.57611	0.441421
6.59133	0.399233
6.51462	0.55855
6.29798	0.426316
5.54654	0.683114
4.74148	0.643309
3.73847	0.569274
3.70166	0.643817
3.44172	0.815324
4.33446	0.159069
4.04527	0.362184
3.07553	0.584664
4.82349	-0.21691
4.69007	-0.061987
4.95272	-0.134166
5.15342	-0.0816347
5.18629	-0.138751
5.23951	-0.186813
5.29074	-0.10875
4.95444	0.262636
4.92709	0.255325
4.79095	0.309412
4.91999	0.290548
5.15052	0.344497
5.46332	0.411396
6.02807	0.226974
6.1478	0.289767
6.10113	0.801782
6.38254	0.738021
6.40292	0.86045
6.60736	0.905948
7.04769	0.808901
7.07629	1.12539
6.55879	1.5567
6.50404	1.62757
6.37078	1.46981
5.46832	1.55894
4.6623	1.5879
4.19424	1.78921
3.78535	1.40537
3.6011	1.25957
3.47944	1.19336
3.49767	1.12247
3.50944	1.20093
3.42912	1.4837
3.74496	1.83819
4.64309	1.82858
4.88221	1.75974
5.09551	2.0517
5.34362	1.9099
5.43849	1.86231
5.54336	1.74361
5.71065	1.6598
5.82118	1.65061
5.78211	1.69934
5.7363	1.66486
5.65218	1.58878
5.66115	1.93561
5.88402	1.77406
5.96056	1.67502
6.08621	1.58064
6.27647	1.59217
5.57418	1.1342
5.84827	-0.105603
6.06427	-0.757472
5.90174	-1.404
5.52889	-0.894479
5.14859	-0.497521
4.86555	-0.428057
4.72114	-0.145287
3.922	0.00122207
3.5982	0.102683
3.41583	0.0815209
3.49652	0.00387663
3.78556	0.0634235
4.22977	0.0758699
4.46534	0.0736501
4.4579	0.12089
4.28815	0.123915
4.59521	0.591147
5.68923	0.523912
6.04484	0.322068
5.97804	0.385044
5.73184	0.657411
5.48996	1.06221
3.92337	1.20326
3.36161	1.19743
3.03233	0.62249
2.99511	0.606774
2.88896	0.623888
2.68469	0.615905
2.71706	0.665803
2.6684	0.728217
2.9209	0.648873
4.39706	0.407617
4.86864	1.03185
5.61473	1.16647
5.64335	1.36512
5.81296	1.11732
6.47832	1.34664
6.12342	1.52326
6.60452	1.52759
6.66941	1.44259
6.29811	1.76215
6.11166	1.82796
6.14589	1.53187
5.77025	1.22735
5.67406	0.420718
5.0989	0.15385
4.84583	0.0917224
4.34957	0.592274
4.22063	0.48046
4.12079	0.344184
4.08906	0.303835
4.18494	0.647084
4.52415	1.17482
5.15189	1.06673
5.2808	1.14418
5.46781	0.878153
5.16669	1.05484
5.10133	0.445233
4.90046	0.370352
4.21039	-0.133108
4.60822	-0.349263
5.20849	-0.888366
5.54574	-0.600483
4.66598	-0.0477385
3.30885	0.226662
2.84347	0.342763
2.74162	0.1753
3.31431	0.350615
3.3028	0.388969
3.38367	0.399904
4.16777	0.371404
4.11457	0.519952
4.0851	0.792718
4.16879	1.42721
5.09634	1.67201
5.27967	1.96015
5.20736	1.64997
5.04957	1.78592
4.83547	1.85378
4.93122	1.74889
5.11591	1.75084
4.98563	1.82285
5.53682	1.09127
5.30252	1.04813
5.42012	0.814088
5.67213	0.737943
5.50185	0.648075
5.41739	0.603885
5.30097	0.99984
4.73885	1.3629
3.48662	1.38834
3.06624	1.26414
2.83745	0.765904
2.70578	0.776767
2.59507	0.71896
2.54034	0.723236
2.45046	0.681206
2.64363	0.835126
3.57675	0.673486
3.94006	0.8149
4.18208	0.724089
4.71445	1.3007
4.61205	1.16052
4.81604	0.95382
4.86598	0.965676
5.4284	1.04998
5.61625	1.23785
5.48297	1.53263
5.4497	1.29443
5.46294	1.35436
5.3267	1.41708
5.08866	1.41525
5.30282	1.46593
4.67875	1.70192
4.18766	1.67528
4.05912	1.38629
3.96684	1.3033
3.93412	1.33547
3.63032	1.24292
3.30242	1.20017
4.07309	-0.160843
4.18885	-0.316979
4.44731	-0.801366
4.20738	-0.609348
4.17625	-0.630877
4.18333	-0.526326
4.1194	-0.52077
4.11084	-0.317664
4.05273	-0.630134
4.11563	-0.681826
4.22078	-0.427213
3.98261	0.0292008
3.59794	0.23798
1.48437	0.520695
1.94995	0.399137
1.89887	0.213447
1.93665	0.360956
1.95818	0.388439
1.82465	0.300502
1.86608	0.0802321
1.93029	0.233777
1.97209	0.425152
1.96972	0.46363
2.31014	0.508137
3.47766	0.76134
4.35252	0.595033
4.68042	0.599997
4.41738	0.970416
4.61059	1.28611
5.81686	1.35469
5.93198	1.34074
5.81173	1.21113
5.62946	1.21566
5.46716	1.34692
5.60037	1.2033
5.30294	1.73131
5.46663	1.95623
5.56885	1.68098
5.23127	1.82506
4.75342	1.94569
4.33736	2.02464
4.09565	2.0364
3.92869	1.89978
3.89862	1.73916
3.92099	1.58978
4.20166	1.54654
4.6929	1.40891
5.07519	1.47473
5.44158	1.49818
5.80304	1.73178
5.97556	1.74444
6.42627	1.737
6.41009	1.87563
6.78625	1.57328
6.81581	1.60817
6.72708	1.84489
6.61482	2.06985
6.71665	1.81799
6.31476	1.98667
4.9338	1.93236
4.64772	1.52298
5.97487	1.44265
5.91093	1.69601
5.76027	1.59646
5.13621	1.60098
5.01679	1.24661
5.5066	1.40312
5.49201	1.52048
5.21488	1.35978
5.30972	1.32692
5.79297	1.07606
5.99297	0.826719
6.11682	0.661348
6.13147	0.503579
6.15414	0.410785
6.1475	0.251705
6.15408	0.217471
6.17871	0.259958
6.11318	0.420052
5.96093	0.771095
5.42089	1.12762
4.23063	1.62739
3.72722	1.13238
3.40878	1.1177
3.20798	0.857935
3.15593	0.9663
3.00606	0.868347
3.09398	1.0113
4.0233	1.63073
5.60978	1.40289
6.24926	1.37638
6.22623	1.57402
6.00642	1.94327
5.84828	2.0782
5.84496	2.04861
5.64953	1.97537
4.28408	2.50359
3.44503	1.96909
3.16113	1.83932
3.13751	1.57194
2.86603	1.49387
2.93079	1.43518
2.67548	1.3114
3.5084	0.841896
5.3034	0.552566
4.58848	0.633736
5.96817	1.29426
6.69313	1.23788
6.14057	1.54619
5.29732	1.93718
4.47785	1.74507
3.56425	1.60456
3.32376	1.54923
3.06055	1.26972
2.99815	1.22905
2.90083	1.25369
2.76266	1.24194
3.91983	0.0657997
4.66993	-0.142477
4.71144	0.303119
4.00285	0.255166
4.12258	0.602489
5.10416	0.17576
5.34578	0.220389
4.96219	0.376129
4.91245	0.349142
4.8098	0.250287
4.6854	0.199121
4.58775	0.167172
4.54418	0.200857
4.4496	0.303182
4.42237	0.187605
4.45416	0.414841
4.5604	0.600961
4.76071	0.518705
4.88993	0.461514
4.91437	0.581432
4.86065	0.668625
4.45022	0.849584
3.23172	1.18304
3.06465	1.17506
2.44294	0.614138
2.48779	0.690504
2.71053	1.15016
2.43186	1.02522
2.44973	1.07747
2.42602	1.26044
2.49466	1.15164
2.39802	1.15655
2.3431	1.30502
2.53069	1.06293
4.42617	0.975155
4.73475	0.527382
4.68521	1.09368
4.63088	1.21564
4.60024	1.18861
4.78168	1.23507
4.87992	1.40457
4.84511	1.51788
5.07877	1.22507
4.42211	1.32989
4.66427	1.43206
5.18913	1.46871
5.40015	1.42121
5.5817	1.42079
5.37376	1.70491
5.39938	1.96452
5.61036	1.77637
5.44829	1.93911
5.28898	1.90423
5.51776	1.78042
4.81744	2.08902
4.75973	1.94942
4.69095	1.79147
4.77856	1.77258
4.87371	1.81401
4.85106	1.75041
4.62058	1.84361
4.35931	1.73678
3.63828	1.574
3.53846	1.6636
3.29704	1.57617
5.14799	0.349173
5.36404	0.500232
4.79089	-0.036464
4.27339	-0.30931
4.50878	-0.619876
4.47377	-0.586461
4.68305	-0.675904
4.78969	-0.806453
4.85274	-0.895271
4.68696	-0.773056
4.71531	-0.658548
4.87471	-0.816261
4.91873	-0.811963
4.74775	-0.462707
4.71467	-0.305493
4.85838	0.565797
4.95743	0.808083
4.68775	0.520707
5.10618	0.328356
5.00993	0.366893
4.88014	0.381035
5.05451	0.475815
4.88112	0.995977
5.14091	0.737725
5.28289	0.445998
5.35663	0.0930267
5.26864	-0.0347173
4.81489	-0.0412145
4.5641	-0.260764
4.29297	-0.158104
4.43171	-0.474048
4.40726	-0.47979
4.29411	-0.0731483
4.29836	0.613462
4.27432	0.835178
4.17441	0.978627
4.25224	1.11215
4.24999	1.10118
4.34607	1.06165
4.51127	0.883578
4.55171	0.529578
4.45076	0.491846
4.44975	0.458485
4.60107	0.276368
4.60747	0.410858
4.79953	0.353712
4.85417	0.276952
4.78064	0.414429
4.88854	0.411501
4.99943	0.506775
5.07074	0.864865
5.23364	1.01095
5.31612	1.40469
5.50027	1.53625
5.60366	1.57992
5.76527	1.57137
5.63908	1.72288
5.6561	1.77211
5.40028	1.63152
5.15615	0.752794
4.22162	0.0280111
4.26357	-0.0923875
4.38824	-0.41466
4.4366	-0.334875
4.31993	-0.416649
4.11265	-0.476782
4.16109	-0.459959
4.16852	-0.105397
3.94172	-0.0561012
3.47072	0.296807
3.3603	0.725519
3.87821	1.82627
4.27474	1.89889
4.38213	1.966
4.64188	1.78446
4.77774	1.68773
4.6765	1.65723
4.67494	1.6334
4.64859	1.71799
4.35042	1.91535
3.59745	2.02479
4.11333	0.952271
5.2878	0.114764
5.28363	0.28952
4.97933	-0.205162
4.80119	-0.518108
4.76534	-0.630225
4.79091	-0.727825
4.88729	-0.67058
4.58524	-0.389802
4.22675	0.09422
4.75275	0.785408
6.00346	1.21828
5.79663	1.67824
5.36118	1.81156
5.68048	1.50474
5.74544	1.25492
5.41378	1.41949
5.0292	1.76169
4.85222	1.87195
4.52961	2.19379
4.69445	1.85349
4.61604	1.80672
4.45952	1.90645
4.39833	1.95183
4.32219	2.08385
4.05764	1.67652
3.63502	1.74979
3.17243	1.81419
3.5043	1.40875
4.18595	1.18971
3.35219	1.21093
3.92383	1.38145
4.81295	0.91821
4.80829	0.809788
4.82745	0.758584
4.79526	0.747858
4.63628	0.875789
4.71132	0.499381
4.29102	0.256876
4.2146	-0.408215
4.15227	-0.553688
4.18942	-0.294477
4.24007	-0.465554
4.46049	-0.389303
4.53826	8.75857e-05
4.52615	0.301844
4.59904	0.690146
4.82013	0.681451
4.83078	0.80372
4.93707	0.361751
4.78756	0.252836
4.9779	-0.13072
5.24815	-0.849667
5.2464	-1.01526
4.86659	-0.806793
5.08635	-1.08764
5.02425	-0.783901
5.03408	-0.587357
4.78453	0.48691
4.79526	1.19992
5.10081	1.43388
5.44198	1.54952
5.90921	1.35859
5.81592	1.70126
5.141	1.38823
4.08334	1.42591
3.10534	1.13458
2.87841	0.947018
2.84865	0.949961
2.7785	0.634288
2.57183	0.686608
5.11764	0.542006
4.66324	0.699505
3.49004	0.229347
3.77529	0.721592
5.01122	1.28762
5.98667	0.935911
5.58862	1.13572
5.54241	0.854969
5.53232	0.9509
5.73637	0.914051
5.60331	0.818647
5.32251	0.839441
5.46403	0.773785
5.01555	0.962781
4.43757	0.723702
4.68998	0.179414
4.42546	-0.236269
4.39948	-0.515364
4.55074	-0.820101
4.46573	-0.998528
4.73944	-0.766569
4.66091	-0.187343
4.3846	0.264842
4.2538	0.650046
4.49817	1.00384
4.79007	0.930472
4.57286	0.835506
4.32473	1.38712
4.35095	0.976738
3.80495	1.07724
3.70617	1.21827
3.6854	1.06376
3.28973	0.980503
3.00653	1.32149
3.01234	0.829681
3.07722	0.853287
2.80944	0.907155
2.83123	0.745632
2.92209	0.931136
3.35336	0.57162
3.78839	0.299504
3.92404	-0.185507
3.86379	-0.443623
3.82627	-0.603799
3.83625	-0.508817
4.16685	-1.14092
3.94097	-0.868622
3.66825	-1.08535
3.9391	-1.10604
3.87861	-0.976432
3.54725	-0.845602
3.40945	-0.518081
3.14871	-0.210416
2.5412	0.344041
2.33242	0.211729
2.20188	0.421683
2.1398	0.426919
2.03988	0.128578
2.13974	0.251525
1.88648	0.614386
2.08137	0.531275
2.09644	0.410564
2.12891	0.249646
2.19357	0.259074
2.0107	0.347
2.11248	0.277515
2.19584	0.254523
2.06111	0.407288
2.09571	0.36363
2.0964	0.504998
2.19007	0.41381
4.3814	0.90798
5.74265	1.16474
5.93342	1.33091
5.66679	1.23906
5.66795	1.12105
5.93879	1.05075
5.60408	0.267918
5.6076	-0.445437
5.50088	-0.62361
4.92037	-0.598144
4.90046	-0.180653
4.61386	-0.399362
4.3134	-0.228542
4.00985	-0.174653
3.43361	0.167081
2.947	0.317177
2.71262	0.218418
2.71874	0.357488
2.66184	0.342785
4.01704	0.115438
4.82465	0.393477
4.83476	0.305451
5.066	0.490186
4.64331	1.10075
6.0958	1.4624
6.68194	1.5338
6.49337	1.34468
6.49215	1.78676
6.34143	1.98637
6.22552	1.90548
5.83512	1.72339
5.60682	0.743526
5.17686	0.517277
4.93559	0.280983
4.79175	0.142637
4.92347	0.149715
5.12248	-0.192229
4.94045	0.0505658
4.76785	0.825611
5.57986	1.6342
6.03301	1.69623
5.91482	1.79977
6.00065	1.64396
5.81138	1.70146
5.48039	1.71159
5.07277	1.66584
4.6899	1.79485
4.43233	1.86816
3.84447	1.92723
3.07775	1.71589
2.94756	1.5426
2.74652	1.2327
2.77601	1.34706
2.55869	1.32805
4.53507	0.175674
5.368	0.000342761
5.11014	0.111099
4.66343	0.454861
4.08045	0.689624
5.34017	1.36422
5.60676	1.57462
5.37593	1.82298
4.93072	1.70876
4.69696	1.54079
4.9526	1.15434
5.03652	0.954987
5.17808	0.76188
5.29379	0.8141
5.42545	0.818785
5.45057	0.854972
5.38809	0.71353
5.22329	0.629742
5.03936	0.655027
4.88345	0.742194
4.77451	0.625918
3.7925	0.883295
3.22883	1.19831
3.0833	1.2525
3.01998	1.10878
2.67578	1.16088
2.62483	1.10474
3.14657	0.493854
4.88716	0.497757
4.85421	0.252654
5.02076	0.177103
4.90485	0.262213
5.58977	0.703242
5.72281	1.05812
5.7183	1.1692
5.85766	1.2385
6.01644	1.28606
6.10774	1.46741
6.3078	1.44765
6.31984	1.65928
6.37566	1.49421
6.23837	1.68626
5.96266	1.59001
5.92377	1.5599
5.58011	1.80641
5.18247	2.04054
4.37523	1.917
3.59818	1.84207
3.47738	1.59336
3.22184	1.46161
3.0175	1.52325
2.84112	1.48746
3.25645	0.804899
4.9789	0.585276
4.16598	0.803184
3.61469	1.68751
2.85906	1.27179
2.54861	1.1091
2.42785	0.702531
2.24562	0.56502
2.35987	0.841206
4.50863	1.27935
5.88139	1.43589
5.45775	1.2262
5.917	1.24406
6.52784	1.28937
6.56605	1.22908
6.40462	1.22792
6.4403	1.34939
6.50926	1.5886
6.46733	1.60479
6.32764	1.56491
6.01523	1.49096
5.96682	1.67094
5.83182	1.80218
5.70724	1.41162
5.25726	1.51162
5.36957	1.53462
5.65389	1.45511
5.6933	1.4098
5.57562	1.4761
5.87241	1.56476
6.1729	1.72018
6.03304	1.8923
5.92909	1.63274
6.00461	1.58871
6.23714	1.69071
5.47595	1.75366
5.12831	0.971011
4.49185	0.529895
4.71283	0.249163
4.47236	0.381878
4.44277	0.616034
4.54937	0.407097
4.68223	0.173908
4.75087	0.156149
4.65111	0.257879
4.42027	0.5945
5.17871	1.22881
6.63856	1.60314
6.58389	1.6626
6.35474	1.78608
6.13941	1.87759
6.11247	1.92101
6.19477	2.03406
6.40847	1.90123
6.65834	1.7319
5.93097	2.23754
4.58893	1.831
4.39908	1.24896
5.2924	0.798146
5.44364	0.374683
4.99591	0.539452
3.88331	1.34611
5.23386	1.32871
5.06729	0.893555
4.66019	1.70853
5.08616	2.19377
5.31523	2.33702
5.3634	2.30423
5.27149	2.30266
5.3525	2.1338
5.35382	2.14512
5.50852	2.10318
5.65853	2.43357
5.75746	2.44027
5.74976	2.24598
5.76991	2.28661
5.78991	2.09969
5.66189	2.09677
5.21727	2.34842
4.5462	1.83555
3.80973	1.80722
3.36076	1.72235
3.19884	1.68672
3.05614	1.86414
3.16014	1.68457
3.98969	1.37957
4.89212	0.842745
5.0699	0.786379
5.20731	0.3801
4.99829	0.464671
4.84801	0.418864
4.87919	0.382745
4.83612	0.461661
4.5273	0.715259
4.2373	0.711416
4.00419	1.26934
4.41903	1.85545
4.23841	1.73639
4.30835	1.66302
4.60476	1.84725
4.4336	1.87485
4.1487	1.78367
4.05572	1.7252
3.58667	1.6558
2.81037	1.54292
2.56543	1.29447
2.57922	0.737204
3.94151	0.269785
4.5971	0.512924
4.63521	0.255025
4.53419	0.0433587
4.06321	0.0364459
4.04214	0.0154467
4.1879	0.285893
4.6412	0.439524
4.81437	0.314052
4.67556	-0.246129
4.81215	-0.742561
4.98885	-0.90185
4.91897	-1.09897
5.06052	-0.948218
5.13631	-1.06147
5.06407	-0.841759
5.23055	-0.796887
4.94584	-0.763339
4.97125	-0.379766
4.64913	-0.545807
4.57484	-0.435427
4.35095	-0.217682
4.22935	0.415226
4.64144	0.555065
5.11093	0.521443
5.24014	0.567636
5.04298	0.676369
5.14487	0.804419
4.55493	1.29834
4.27971	1.4662
4.38122	1.7358
4.30601	1.49135
4.33345	1.79973
4.54766	1.39755
4.43905	1.32041
4.52967	1.33533
4.32893	1.5897
3.69621	1.67996
3.87998	1.63417
3.59256	1.69474
3.36089	1.51987
3.45119	1.4653
3.0433	1.22655
2.60672	1.25466
2.42524	1.01358
2.22063	0.664473
2.30979	0.656719
2.3603	0.649899
4.31825	0.371478
5.83809	0.441335
4.00509	0.483925
4.15648	0.218535
4.36287	0.46007
4.14463	0.338275
4.02473	0.468913
3.98537	0.315414
3.65383	0.436326
3.55817	0.664704
3.42919	0.635093
3.22334	0.59002
3.31593	0.445689
3.13464	0.817353
2.86723	0.728351
2.69109	0.672074
2.60046	0.552072
1.70516	0.499285
2.12132	0.51915
2.04021	0.333758
2.06772	0.425677
2.04408	0.511362
2.07223	0.562301
2.01472	0.421774
2.05268	0.273422
2.11175	0.242778
2.69461	0.272475
5.306	0.44086
5.25257	0.691427
4.50166	0.37806
3.93785	1.08624
4.72453	1.29237
4.94993	1.54517
5.03026	1.83519
5.89925	1.43666
6.00502	1.62319
6.07985	1.78646
6.0943	1.91331
6.04231	1.94949
6.16954	1.76959
5.92196	1.93973
5.77781	1.92653
5.56262	2.10763
5.4013	2.019
5.3885	1.9654
5.22235	1.95605
4.91305	1.86564
4.71276	1.88914
4.08545	1.85816
4.40782	1.11457
5.07485	0.251818
5.76997	0.260748
5.82043	-0.235608
5.48529	-0.427682
5.16554	-0.168066
3.46704	0.417101
3.06846	0.234732
2.89194	0.283159
2.89431	0.461509
3.22935	0.372513
3.51492	0.250551
3.54226	0.52215
3.44513	0.735852
4.95517	1.31479
5.96478	1.27757
6.13586	1.23863
6.25317	1.21164
6.34466	1.19098
6.31562	1.31027
6.34342	1.37923
6.46574	1.30343
6.52615	1.3522
6.39477	1.64848
6.18294	1.87966
5.40764	2.03815
5.2882	2.06872
5.60872	1.71352
5.40741	1.33002
4.28421	1.78782
3.6525	1.64587
3.41672	1.61695
3.15262	1.64014
3.02186	1.67407
2.97256	1.56557
2.89269	1.63548
3.03642	1.76032
3.24525	2.04601
3.46818	1.84356
3.49338	1.63904
3.38098	1.57795
3.2915	1.76674
3.33144	1.58807
3.22308	1.69016
3.89238	1.45559
4.93522	1.50345
5.7368	1.42965
5.98716	1.46019
5.7794	1.59701
5.84098	1.34699
6.13323	1.33001
6.32212	1.97753
5.82229	1.40081
5.3338	0.711292
5.31278	-0.430645
5.09726	-0.607427
5.15304	-0.511679
4.99382	-0.382623
4.8041	-0.523393
4.7024	-0.610358
4.74562	-0.700316
4.74804	-0.610276
4.71298	-0.155496
4.34078	0.514143
4.28058	1.48449
6.03055	1.80284
6.15959	1.8051
6.19454	1.63231
6.37386	1.49478
6.50119	1.44953
6.62375	1.37961
6.7056	1.30299
6.51946	1.38868
6.48725	1.386
6.3483	1.49358
6.13092	1.69763
5.78216	1.87013
5.11914	1.93682
4.06432	1.85116
3.65242	1.79936
3.39173	1.64753
3.1482	1.34611
3.14869	1.54698
3.03022	1.35503
2.90661	1.20391
4.83664	0.824911
4.63301	0.964564
3.14699	1.17497
2.89194	1.09185
2.45093	1.01986
2.51106	0.94703
2.38586	0.864133
2.50287	0.788872
2.64905	0.603136
2.24518	0.673906
2.27561	0.5286
4.3917	1.02923
5.15402	1.60704
5.3524	2.0488
6.05987	1.79388
5.81398	1.99273
5.7384	1.93442
5.64032	1.83833
5.33412	2.06254
5.35786	1.83778
5.27895	1.86385
5.07861	1.79694
4.92243	1.85148
4.92853	1.97897
5.32161	1.53128
5.12337	1.64557
4.90909	1.53375
4.81868	1.46169
4.9153	1.45125
5.20138	1.32878
5.32719	1.15743
4.53532	1.43449
4.36846	1.42524
4.37761	1.64896
4.39614	1.56837
4.61639	1.46592
4.97524	1.5438
4.72358	1.37108
4.68182	1.34505
4.59396	1.41604
4.54945	1.46476
4.44923	1.75413
4.44527	1.96979
4.7391	1.82725
4.86864	1.69565
4.4728	1.94336
4.79635	1.43433
4.7844	0.477499
4.72719	-0.179752
4.69353	-0.861053
4.69151	-0.691565
4.67043	-0.422982
4.56768	-0.220139
4.29837	-0.260133
4.19432	-0.538911
3.89429	-0.16562
4.01297	0.32529
4.53138	0.743775
5.07737	1.53636
5.7976	1.37589
6.22468	1.29065
6.15518	1.36227
5.97951	1.4309
5.44221	1.50216
4.48256	1.765
3.45981	1.60101
3.19368	1.53755
2.90258	1.42699
2.889	1.24802
2.82259	1.05473
2.70076	1.34501
4.11344	1.58493
3.28212	1.5892
3.25144	1.41135
4.43882	1.51054
4.99582	1.23793
5.13466	1.29496
5.3286	1.60718
5.27229	1.59575
5.12165	1.49199
4.82245	1.51895
4.89724	1.52925
4.84333	1.62275
4.64085	1.56398
3.91097	1.63563
3.43794	1.84319
3.33703	1.63912
4.65384	0.460945
5.43789	0.497865
5.31187	0.468688
4.36012	0.602234
5.33273	1.42523
6.02602	1.24558
6.40058	1.00459
6.30584	0.888483
5.65598	0.894159
4.98118	1.06623
4.53886	1.90527
4.61569	1.78543
5.14497	0.888783
5.37286	0.619647
5.68131	0.570566
5.85392	0.470131
5.65913	0.547884
5.69845	0.650722
5.78995	0.780362
5.33399	1.239
5.29542	0.927822
4.98237	1.33763
5.21837	1.14026
5.12614	1.15615
5.01542	0.97061
5.60467	0.814556
5.85486	0.943706
5.39808	0.96869
5.61878	0.870453
5.70625	1.0648
5.23096	1.11567
5.22658	1.1059
5.18149	1.48361
4.43936	1.59997
4.37707	1.6334
4.28892	1.83361
4.00266	1.3428
4.0935	1.26518
3.58439	1.12012
3.10993	1.35483
3.09091	1.25532
3.56563	0.758545
4.27602	0.161599
4.7599	-0.270245
4.44908	-0.557111
4.4308	-0.504651
4.31135	-0.65514
4.20434	-0.809229
4.08512	-0.91429
4.03543	-0.904119
3.86925	-0.797037
3.7215	-0.820611
3.66199	-0.73281
3.63527	-0.861633
3.83031	-0.869383
3.81517	-0.842948
1.87612	0.374428
2.28525	0.381415
2.23739	0.584563
2.23546	0.44607
2.28184	0.375632
2.32019	0.450211
2.28466	0.451442
2.41668	0.469116
2.30304	0.553853
2.30701	0.390943
2.21346	0.513874
2.34669	0.512044
4.07719	1.20883
4.12901	0.835637
5.82808	1.30761
6.60533	1.31139
6.50437	1.47148
6.6561	1.06893
6.78254	1.25506
6.38669	1.4242
6.13476	1.52946
5.99926	1.50282
6.13257	0.904058
5.90408	-0.226644
5.85951	-0.52459
5.48147	-0.587919
5.3703	-0.408077
4.99067	-0.335548
4.75086	-0.0800439
4.31968	0.0494556
3.58863	0.146003
3.15896	0.437745
2.99021	0.625762
3.0587	0.528546
3.38107	0.379075
4.09743	0.174069
4.52694	0.220301
4.10117	0.299277
4.98982	0.742072
5.62188	0.596228
5.51371	0.680309
5.50879	0.908148
5.65895	0.986119
5.1112	0.697321
5.11215	0.0420739
5.1663	-0.590913
5.22164	-0.52457
5.11008	-0.59551
5.2965	-0.636376
5.20382	-0.498581
5.23882	-0.538521
4.71904	0.286926
5.51963	1.20366
6.49903	1.36691
6.16338	1.58341
6.40274	1.28004
6.46905	1.45763
6.65185	1.3704
6.23214	1.6238
6.3415	1.66285
5.71202	1.82873
5.88998	1.90897
5.28963	1.72183
4.84625	1.23816
4.08153	0.85925
3.86903	0.380342
4.03177	0.287654
4.25263	0.214237
4.34058	-0.0946779
4.39881	-0.00507888
4.31285	-0.032099
4.42265	-0.00981041
4.39309	0.0643171
4.22973	-0.0339326
3.50287	0.0917139
3.40798	0.62405
4.26025	1.70293
4.93868	1.54869
5.28747	1.69232
5.92331	1.64114
6.19156	1.63905
6.41729	1.67339
6.60627	1.41901
6.48977	1.40014
5.81762	1.44681
5.33325	1.43441
4.65457	0.776741
4.53435	0.397841
4.24313	0.353731
4.42233	0.168324
4.57113	0.0697825
4.99472	0.213535
5.1713	0.367116
4.82981	0.353374
4.90728	1.0623
6.03819	1.65389
6.42845	1.57927
6.43054	1.72227
6.57253	1.69492
6.44173	1.73161
6.47305	1.57188
6.31732	1.65409
5.63177	1.56611
4.11165	1.9641
4.89278	1.21647
5.6696	1.00287
5.72307	1.10534
6.03575	0.87926
6.01688	0.7562
5.85644	0.609389
5.61802	0.603616
5.28146	0.918023
5.09545	1.22675
5.13759	1.14428
4.70416	1.21481
4.39322	1.74527
4.21021	1.955
4.26378	1.83937
4.62148	1.76538
4.8626	1.92578
5.13935	1.92131
5.3315	1.82137
5.4929	2.02033
5.57346	2.12865
5.66861	2.03966
5.78389	1.96584
5.99994	1.88308
6.07423	1.8677
5.73603	1.9597
5.26176	1.98862
5.03211	1.9919
4.87215	2.08927
5.06328	1.85777
4.93994	1.76125
5.13512	1.72581
5.68811	1.76675
5.97407	1.74253
5.96892	1.72167
5.87424	1.66752
6.07096	1.54154
5.9164	1.69159
4.91821	1.50684
4.03266	1.59228
3.35894	1.96232
3.29899	1.6884
3.81229	1.21405
4.80128	1.09838
5.23993	1.99794
5.65317	1.61081
5.39119	1.60404
5.32317	1.61241
5.32527	1.66223
5.58678	1.54314
5.70543	1.61022
6.21055	1.93175
6.82601	1.33716
6.81968	1.45516
6.66965	1.57132
6.60057	1.52668
6.59108	1.47789
6.48711	1.50525
6.16988	1.73254
5.52203	1.70692
4.27945	1.90992
3.81821	2.05692
3.75758	1.95357
3.65017	1.82577
3.56031	2.06606
3.33417	1.81486
3.36439	1.79539
3.33085	1.80869
3.17385	1.74655
3.15921	1.64151
3.04125	1.49646
2.96241	1.58785
3.23241	1.00954
4.46524	0.906672
5.67023	0.783861
5.37971	1.45186
5.60683	1.55822
5.82358	1.52976
6.15565	1.34762
5.55911	1.84831
4.95062	1.83995
4.72543	1.88344
5.14432	1.47319
5.19628	1.75872
5.16646	1.64732
5.19288	1.61642
5.32112	1.63669
5.32648	2.06867
5.51781	1.91676
5.41682	1.83396
5.67814	1.66488
5.82646	1.71356
5.73555	1.76558
5.85174	1.65566
5.93128	1.61117
5.9327	1.54452
5.9281	1.54945
5.67553	1.90192
5.56394	2.17442
5.42597	2.34373
4.2867	2.28764
4.02595	2.19812
4.87648	2.06096
5.19698	2.09058
5.53036	1.96731
5.47064	1.82652
5.50983	1.64575
5.49229	1.40456
5.45234	1.31505
5.31616	1.42714
5.01283	1.41659
4.88515	1.48984
4.66771	1.67908
4.51294	1.85102
4.50485	1.7887
4.52258	1.97963
4.47351	1.5275
4.66017	0.951141
4.70605	0.429327
4.70382	0.574988
4.60312	0.434745
4.85462	0.270111
4.91267	0.220616
4.94758	0.152708
4.78988	0.0939967
4.8865	0.0263567
4.94604	0.280926
4.86666	0.504959
4.7055	0.325486
4.50049	0.86165
5.80172	1.22346
6.7925	0.862546
6.8632	0.790664
6.73161	0.797749
6.59873	0.865639
6.31147	1.01394
5.94715	1.178
5.33428	1.23071
4.1161	1.05021
3.68005	1.01084
3.50233	0.859564
3.39869	0.923979
3.27907	1.04911
3.34552	0.812624
3.76038	0.182138
4.62928	-0.327218
5.19231	0.0654797
5.06622	-0.00881876
5.19043	-0.198713
5.08016	0.0752523
4.64273	0.392401
4.35158	0.709289
5.04606	0.27284
4.54257	0.748071
5.93216	1.65769
6.51738	1.50989
6.44521	1.07491
6.0679	1.4053
6.13283	1.57692
6.25372	1.54963
6.41993	1.28444
6.47213	1.12887
6.58102	1.03282
6.4755	1.15062
5.08506	1.58911
4.0523	1.61467
3.70468	1.72748
3.61262	1.53694
3.27052	1.40534
3.09344	1.39336
4.20721	0.687826
4.48879	0.674558
4.60567	1.11147
5.78737	1.03203
6.18427	1.25974
6.12725	1.42835
6.4851	1.39316
6.69058	1.28858
5.81318	1.48714
6.1277	1.61243
5.61115	1.77995
5.01804	1.75264
4.97328	2.17531
4.58214	1.89874
4.36653	1.85914
4.57384	1.87284
4.50464	1.81207
4.26837	1.79494
4.37964	1.97637
3.92834	1.68794
3.86221	1.90479
3.86506	1.96825
3.7277	1.28572
3.97657	0.909915
5.0141	0.565431
5.19786	0.275687
4.71387	-0.162852
4.60163	-0.519707
4.79411	-0.378378
4.57337	-0.0726539
4.33267	0.281419
4.16519	0.340234
4.40056	0.619072
4.82083	1.22299
4.53551	1.37467
4.70198	1.94775
4.93121	1.43342
4.45576	1.5527
4.51635	1.81415
4.1809	1.35913
4.06058	1.45796
4.07113	1.49434
3.70505	1.62203
3.62667	1.34713
3.54386	1.53533
3.28454	1.33237
3.22078	1.17534
1.83093	0.546232
2.07887	0.656165
2.17638	0.601051
2.29966	0.402876
2.22632	0.587717
2.14984	0.41949
2.25417	0.512813
2.2305	0.474764
2.29781	0.484678
2.19299	0.486488
2.17541	0.52767
2.27857	0.406367
2.21289	0.460719
2.25929	0.44826
2.26108	0.42354
2.2383	0.2679
2.31622	0.401871
2.34656	0.448147
2.24184	0.406401
2.28374	0.570465
3.0253	1.29388
3.38668	1.49137
4.59053	1.82447
5.20401	1.73012
5.33398	1.40608
5.58698	1.39741
5.61012	1.39763
5.57683	1.38391
5.5275	1.43758
5.4409	1.63532
6.30659	1.65347
6.28771	1.78912
6.19135	1.79998
6.17105	1.75939
5.89721	1.74035
5.54934	1.71129
5.05243	1.70066
4.37932	1.82481
3.77873	2.12715
3.4623	2.06557
3.20203	1.90084
3.09726	1.48839
2.81748	1.49904
2.75418	1.40886
2.908	1.20137
4.13478	0.561789
4.30441	0.852041
3.94166	1.19028
4.99935	1.43339
5.64513	1.27594
5.82546	1.16041
5.85897	1.22272
6.06418	1.13977
5.97843	1.41994
6.0385	1.53214
5.88256	1.77696
4.87071	2.19921
3.73992	2.00681
3.52901	1.72687
3.11224	1.57067
2.98128	1.48426
3.36337	0.941084
4.89814	-0.027562
5.11893	-0.517969
4.99983	-0.593909
4.69183	-0.167625
4.35493	0.0917676
3.51697	0.447662
2.86546	0.694847
2.65767	0.706196
2.65404	0.70171
2.45717	0.680083
2.45487	0.596629
2.79263	0.811436
3.00754	0.777602
3.37347	0.899918
3.55222	1.28438
5.78358	1.53087
6.15307	1.40935
6.26024	1.43089
6.29145	1.36325
6.0143	1.47302
5.9788	1.33356
5.8118	1.25966
5.67757	1.1828
5.63266	0.907618
5.63625	0.207788
5.49157	-0.526517
5.47056	-0.54112
5.35787	-0.377926
5.23862	0.231027
4.92817	0.786552
4.96843	1.31358
5.10372	1.60323
5.13779	1.6538
5.10992	1.49001
5.00701	1.47653
5.03278	1.3241
4.99489	1.38508
5.04723	1.55815
5.29128	1.76526
4.41561	1.96782
4.6298	1.8778
5.34644	1.45963
5.506	1.63968
5.64659	1.8256
6.15082	1.41957
6.3316	1.23279
6.03957	1.64288
5.95713	1.74728
6.04379	1.68764
6.19399	1.69141
6.17114	1.80455
6.3048	1.60432
6.23359	1.65045
5.90924	1.86434
5.93123	1.75591
6.1774	1.50868
5.6462	1.91913
4.47379	1.72639
3.75175	2.00648
3.72229	1.92222
5.21697	1.63787
5.09682	2.00728
5.05618	1.93376
5.08295	1.80846
4.7779	1.9153
4.55006	2.10974
4.5439	2.14568
4.65818	1.78054
4.68358	1.6054
4.73895	1.47035
4.81251	1.24526
4.17743	1.6992
3.9044	2.003
3.3972	1.25397
4.06799	1.88092
3.40131	1.6669
2.83348	1.57525
2.84374	1.48251
2.55259	1.38186
2.53178	1.32823
2.54704	1.22182
2.66482	0.86253
5.29478	0.843015
4.9084	0.990511
5.55676	1.26281
5.37452	1.59126
5.37334	1.81389
5.76061	1.80541
5.74284	1.88744
5.25268	1.98023
5.25988	1.74764
5.0141	1.75811
4.89715	1.75281
5.03491	1.87183
5.2138	1.78765
4.83686	1.77301
4.57285	1.74132
4.44286	1.84146
4.54974	1.83489
4.86894	1.67415
4.93728	1.53083
5.00798	1.54867
4.8745	1.67596
4.82621	1.75074
4.89968	1.76987
4.75688	1.37531
4.9554	1.41803
4.82551	1.43424
4.77619	1.46565
4.85977	1.54614
4.85521	1.48615
5.18223	1.67823
5.30221	1.83178
5.30895	1.84927
5.53018	1.7738
5.70842	1.66588
5.61078	1.75447
5.5058	1.706
5.62769	0.943884
5.28959	0.379207
5.14499	-0.0758439
4.85462	-0.173715
4.55978	-0.176813
4.35161	0.52094
4.44884	0.77648
4.68347	1.04135
4.8819	1.3961
4.97725	1.61593
5.33248	1.3235
5.35694	0.970298
5.12629	1.04304
5.07412	0.979642
4.80791	1.22914
3.75676	1.78699
3.71397	1.75351
3.86146	1.72069
4.37959	1.67564
4.78107	1.88495
5.00922	1.67104
4.91888	1.74007
5.02423	1.83398
5.5525	1.75932
5.36446	1.77641
4.86411	2.06556
4.85602	2.05425
4.82094	1.95723
4.9974	1.67724
4.71883	1.74278
4.73842	1.90795
4.6515	2.04905
4.27637	2.09799
3.95196	2.05491
3.99803	0.95589
4.35354	0.0540944
5.42721	-0.265548
5.26571	-0.473415
4.94179	-1.11297
4.95271	-1.03534
5.02134	-0.955288
4.90246	-0.798907
5.02415	-0.561137
4.99268	-0.433968
4.9624	0.711578
5.794	0.389839
5.63709	0.784552
5.45221	0.844902
5.62845	0.863468
6.04208	0.881724
5.71618	1.58948
5.48802	1.57931
5.34256	1.66645
5.35193	1.74246
5.53332	1.63293
5.08012	1.99842
4.45336	1.97674
4.27628	1.72858
4.46308	0.0175744
4.75272	-0.533904
4.66466	-0.443548
4.62589	-0.381003
4.52082	-0.493545
4.3759	-0.528896
4.27009	-0.509713
4.01902	0.089372
4.61675	1.57045
4.91375	1.55615
4.72997	1.83979
4.75129	1.80795
4.47653	1.99694
4.39025	1.96323
4.51272	1.75285
4.51291	1.63327
4.25069	1.76098
3.92058	1.81787
3.64104	1.738
3.00061	1.39918
2.52648	1.45584
2.61519	1.02018
4.92329	0.704658
5.51145	0.587768
4.97677	0.637616
4.91181	1.26506
5.97472	1.3638
6.19704	1.67108
5.62569	1.80624
5.55558	1.66127
4.53135	1.08048
3.52305	1.326
4.50495	0.974348
5.38906	1.01852
4.56821	1.03121
3.11775	1.03197
3.08371	1.27965
3.3653	0.929425
3.61093	1.16221
4.77335	2.07399
5.27651	1.96862
5.43383	1.83985
6.06087	1.5562
5.65578	2.14508
5.48526	2.00113
5.40035	1.96781
5.32193	2.17888
5.51923	1.97429
4.75939	1.76369
4.53243	1.88865
4.41543	1.09811
4.605	0.143634
4.83275	-0.273899
4.90914	-0.691443
4.93629	-0.821329
5.02745	-0.876718
4.9421	-0.934697
4.85614	-0.948928
4.49111	-0.286645
4.17599	0.187182
4.28227	1.08141
5.35298	1.41851
5.09791	1.52322
5.06677	1.62271
5.02982	1.92407
5.08863	1.6592
5.1025	1.59662
5.05826	1.67866
5.45018	1.76588
5.4625	1.74019
5.35418	1.51576
5.4716	1.69725
5.72633	1.59387
5.40864	1.39817
5.60499	1.43889
5.52499	1.52876
4.76824	1.51741
5.04587	1.68838
4.88821	1.67066
4.584	1.7737
4.61532	1.56934
4.30759	1.53579
4.05147	1.52502
4.1464	0.829021
3.87773	1.25579
3.90919	1.71873
3.58584	1.22855
3.30635	1.138
3.44292	1.13233
3.45514	0.560035
3.94419	0.589253
3.55579	0.0768433
4.08233	0.622991
4.81552	0.881715
4.55357	0.19066
3.9316	-0.416865
3.94816	0.0373191
